1970.2
6075.69
8360.59
3861.03
7204.41
2716.44
4890.75
9621.28
10108.5
5439.07
3352.91
7682.92
4286.59
8957.49
6626.95
2236.65
6278.75
2049.2
4073.46
8792
2970.47
7560.02
9727.22
5171.47
5841.46
10365
8173.23
3676
9265.6
4656.55
2464.94
6938.86
8685.79
4170.33
2112.49
6487.87
5306.32
9992.78
7669.07
3211.6
3618.32
8335.62
10572.4
5996.5
7038.1
2613.61
4861.67
9432.66
3956.67
8446.57
6262.35
1846.18
9731.59
5080.69
2813.65
7432.93
7942.24
3441.7
5511.41
10130.3
2415.81
6796.95
9115.04
4538.64
7610.58
3146.13
5358.62
9826.67
1986.49
6375.78
8699.15
4225.4
4618.29
9359.45
7032.69
2669
10214.9
5784.5
3580.59
8206.9
2880.75
7329.37
9662.52
4935.44
6099.08
1817.61
3801.72
8365.18
8899.79
4528.41
2309.55
6773.75
5596.38
10209.6
7799.19
3340.47
5113.73
9683.66
7286.5
2990.08
8577.36
3993.74
1960.22
6260.25
6941.9
2503.95
4551.77
9383.53
3426.14
7992.69
10351.3
5777.53
10089.6
5479.35
3156.79
7768.61
4318.45
8968.69
6648.51
2245.27
2686.12
7054.96
9419.26
4865.66
8240.19
3828.81
5977.83
10451.7
10640.8
6017.37
3819.92
8409.78
4941.79
9518.38
7191.53
2719.43
2166.09
6606.45
8864.99
4262.91
7675.47
3255.05
5448.09
10067
5664.43
10395
8069.91
3613.76
9239.03
4568.94
2423.59
6927.43
6345.65
2081.84
4119.89
8707.4
2942.18
7454.56
9822.2
5269.56
3389.78
7941.02
9841.85
5632.81
6710.07
2383.88
4459.64
9180.39
8501.55
3934
1793.04
6227.37
5096.25
9504.92
7400.94
2848.34
8113.39
3588.68
5938.9
10551.3
2539.34
7160.8
9292.6
4857.56
4116.15
8685.22
6421.95
2146.99
9928.97
5350.36
3165.57
7674.5
4576.19
9144.09
6785.8
2493.53
10174
5773.12
3395.39
8003.53
7449.23
3006.36
5018.05
9666.3
1892.67
6241.83
8593.1
3939.61
9437.84
4777.47
2682.68
7155.13
5835.66
10508.3
8335.49
3707.61
3139.09
7629.87
10003.9
5465.72
6576.81
2130.33
4319.58
8826.71
6906.97
2539.92
4658.83
9077.85
3639.54
8093.46
10486.4
5795.32
5132.59
9952.33
7561.96
3014.93
8686.28
4211.65
2162.66
6513.23
2221.52
6699.12
9058.8
4401.16
7932.44
3388.24
5559.39
10207.3
9491.97
4936.71
2778.87
7264.69
3835.93
8481.66
5995.12
1799.5
6085.65
1744.32
3836.69
8447.54
2986.5
7316.08
9580.12
5065.39
5442.94
10017.1
7782.86
3315.78
9040.01
4341.8
2313.46
6612.04
1954.59
6402.92
8655.17
4049.56
7390.07
3115.18
5172.57
9906.86
10470.5
5830.06
3505.49
7949.58
4725.73
9310.61
7038.42
2847.46
4174.01
8775.89
6517.09
2210.79
9792.71
5291.23
3209.9
7704.49
8236.42
3632.78
5934.26
10603.3
2570.93
7176.29
9393.4
4865.96
8546.45
4034.38
1861.95
6202.9
5122.31
9673.17
7462.47
2887.19
3445.88
7990.67
10224.9
5679.59
6767.27
2388.06
4455.02
9050.33
3025.37
7593.05
9948.5
5369.56
6464.22
2159.9
4258.13
8680.74
9166.21
4667.54
2563.01
7029.49
5741.09
10486.9
8240.97
3727.72
7295.11
2854.16
4922.4
9616.52
1854.75
6190.02
8568.56
3960.24
4495.12
9035.92
6673.8
2289.47
10107.6
5709.72
3359.97
8022.02
9692.7
5101.16
2999.82
7434.91
3989.73
8560.98
6202.1
1962.44
2494.07
6964.53
9245.09
4628.95
8084.36
3460.31
5754.77
10386.5
5432.04
10123.3
7755.36
3206.49
9015.78
4324.18
2263.44
6713.61
7126.66
2757.54
4861.89
9496.66
3796.9
8286.41
10500.1
6025.48
6078.05
10677.3
8356.97
3756.91
9552.14
4945.89
2865.78
7273.5
6583.33
2203.15
4285.67
8981.25
3310.44
7862.61
10122
5439.35
