134342
3808.53
5977.59
5885.63
10238.6
6194.29
6515.07
9738.24
10599
6268.34
10467
10143.1
5508.04
7386.59
7757.33
20064.5
6036.88
20801.5
16282.3
5444.61
8039.19
11593.4
15970
5506.75
6575.96
21750.7
4708.69
11780.5
6768.06
11880.2
7314.11
15847.2
14024.6
5460.7
10547.8
10242.4
8541.86
10399.5
4642.96
18283
16385.3
5196.98
51857.9
5032.59
7647.97
8971.82
9314.83
7328.84
6016.7
14502.2
6136.86
19113.5
6955.48
30648.5
6451.27
6883.84
7258.73
5492.32
11741.3
19457.6
16166.4
4827.42
9173.85
11369.2
5606.28
29108.3
5237.08
13475.1
11096.2
21058.4
6638.49
6258.32
7264.27
6281.91
9478.15
18069.6
24775.8
4664.79
9368.31
9322.58
13504.2
5899.72
6902.95
9594.35
10892.7
17268.6
5050.38
17030.1
14578.5
6518.45
16209.8
5312.94
8828.35
10814.7
22074.3
6404.07
6543.04
17054.2
11603.8
6480.71
6597.21
8660.48
33537.9
5211.59
5735.88
13062.3
4428.31
30510.2
7001.78
14648.9
11530.8
8287.47
35153.5
4005.73
6326.26
6549.59
25649.9
4897.37
5918.37
12047.2
7642.14
7391.93
10112.8
8000.03
5655.75
6484.2
9351.86
40531.5
16532.7
9677.7
10320.3
6135.54
5329.68
16638.2
9456.14
8214.57
40050.1
4534.89
17703.1
5627.55
9757.39
5601.31
6775.15
13038.7
6671.52
15397.9
4769.33
16185.9
6653.16
5628.77
6944.38
31252.9
12838.9
20599.5
6433.04
5939.17
9831.77
12194.8
10645.1
6000.48
7286.67
5552.2
105337
4320.63
7306.23
10933.8
11471
6066.42
12578
9348.81
15450.4
6741.62
8721.19
15590.1
4707.6
10187
17143.1
5084.31
5033.01
29024.6
15823.8
4641.84
8083.43
11703.9
5545.41
10298.1
5474.57
22285.9
8484.33
17265
5993.04
13663.5
12092.3
5821.46
5411.29
23084.7
32360.3
4213.1
6148.42
8598.44
5256.41
31368.9
4935.03
13716.5
15270.9
8052.6
5974.36
15411.5
8647.42
6258.05
32289.7
4726.67
6699.32
16555.3
32188.5
5567.67
10800.8
7811.1
8962.38
7684.04
9917.17
26175.6
5247.2
8014.75
5943.17
11393.3
4577.82
39603.8
7468.06
5463.98
11721.5
22283.2
10176.9
17619.1
6153.98
6628.09
10522.9
9174.45
17242.6
5622.43
10003.7
8607.61
9646.98
6553.61
5381.29
16619.5
11623.9
11726.7
13726.5
4663.17
15081.9
6378.02
20195.7
5130.1
8381.09
17691.4
11751.3
15087.5
8009.09
6515.28
19212.5
4561.51
19887.2
5901.82
5245.14
34766.8
7425.13
6662.09
6023.81
9648.75
24432
6749.96
20129.6
14080.7
7728.26
5605.3
13543.6
7731.66
6755.3
8928.13
14837.8
5324.82
4832.39
23693.6
6021.55
7418.07
3988.07
28894.9
7812.01
13982.8
4835.16
19338.3
28432.8
7292.89
5839.03
7563.91
7426.8
5632.54
14002.4
14377.3
8437.2
5581.92
40731.6
5371.76
5986.36
13552.5
15290.5
10143.7
5069.89
16862.6
5419.81
14107.9
9346.29
5140.44
17679.8
12930.6
20840.7
7981.54
4818.67
10651.4
7143.51
10018.3
9527.9
12446.4
4803.5
39672.5
5737.01
10012.2
17808.8
4425.52
9801.39
6964.4
12156.5
13611.7
5146.64
20620.8
12928
19179.1
5288.55
8870.93
24736
6592.91
4931.24
10073.2
6933.39
6177.3
22665.3
8473.4
13653.6
5814.03
21564.9
5795.63
14962.1
6168.58
9877.14
5180.97
11516.4
14326.1
5452.01
14794.7
10790.1
4967.65
5336.06
22273.6
5876.19
7253.11
3950.22
47994.7
13745.6
8346.16
9486.12
6732.55
12543.3
4773.41
22167.3
6132.38
5419.89
22565.1
16247.4
7564.63
5423.81
10379.9
23290.6
7509.56
5898.61
22553.4
7912.73
11769.5
7151.66
6447.89
17120.2
8311.18
14577.4
8671.24
6359.37
6615.99
38174.8
4474.01
10632.2
6225.71
