1.03961 -13.8189 -0.473957 -0.38409 -0.738067 
0.26608 0.37446 0.134581 0.137222 0.135991 
-0.151929 -7.93693 -0.255244 0.0592849 -0.35195 
-0.147774 7.44284 0.0995016 -0.209728 0.207654 
-0.0603281 -11.6266 -0.141411 -0.039286 -0.125448 
-0.102047 3.48884 0.076865 0.0425226 0.111511 
0.0128523 -3.52687 0.065017 -0.050973 0.158715 
-0.17749 12.0213 -0.232122 0.0243563 -0.226727 
-0.072175 -13.8844 -0.0158215 -0.144023 0.141296 
-0.0887102 1.6014 0.0104851 0.0321707 -0.30974 
-0.129542 -5.48249 0.128911 -0.108263 -0.123718 
0.009627 10.831 -0.067882 0.0113458 -0.0847501 
-0.0272211 -9.44647 0.145663 0.0848663 -0.31696 
-0.119626 6.15448 -0.157888 -0.123999 0.0673438 
-0.0779763 -1.65355 -0.124909 0.0194363 0.0337117 
0.108097 13.5511 -0.200142 0.0314853 0.336187 
0.12992 -13.4181 0.0280914 0.0828819 0.350536 
0.163797 2.25464 -0.203859 0.207999 0.0815683 
0.0297505 -7.19918 0.033574 -0.064674 0.378893 
-0.0729796 8.42126 -0.243761 -0.144218 0.0396681 
-0.0548815 -10.653 0.0333248 -0.0451061 -0.186634 
-0.0223027 5.10969 -0.170722 -0.0532291 0.137774 
0.0912855 -2.41143 0.239664 0.0802639 -0.219194 
0.0312361 12.5186 0.111583 0.120051 -0.177627 
-0.135796 -12.7973 -0.0134239 -0.220754 0.128832 
0.150546 3.09519 0.428785 0.102888 0.342921 
0.0403197 -5.03997 -0.136523 -0.0288774 -0.204821 
-0.0792614 10.6225 0.113019 -0.0486956 0.0379134 
-0.220367 -8.31479 -0.327621 0.0749398 -0.151398 
-0.0334898 6.99255 0.0168307 -0.0549041 -0.230644 
-0.0445507 -1.66792 0.00274966 -0.00105217 0.179664 
0.0242143 14.5604 -0.0845517 0.104021 -0.160711 
-0.0432013 -15.6735 -0.163747 0.0275041 -0.189314 
0.0330751 0.181906 0.109929 0.022888 0.237232 
-0.0910918 -7.75104 -0.0494974 -0.188061 0.00519884 
-0.0652412 7.28919 -0.0651521 -0.00212664 -0.0202755 
-0.0770879 -11.0318 0.0641562 0.00276056 0.187445 
-0.00728459 4.07426 0.0747098 -0.0714458 -0.103287 
0.0289429 -2.95147 -0.148943 0.116136 -0.0689885 
0.100453 12.1104 -0.0759778 0.13176 -0.348819 
-0.00395406 -13.4554 -0.00705519 0.00169303 0.393957 
-0.150297 1.96119 -0.303783 -0.23294 -0.0343264 
0.558426 -5.4312 0.875241 -0.251768 0.014009 
0.186686 9.84337 0.11913 0.105657 -0.203753 
-0.00842183 -7.82054 -0.0801454 -0.054952 0.104103 
-0.145746 7.25396 0.0091441 0.0344489 -0.166462 
-0.0690342 -0.52775 0.0739971 -0.0375011 -0.131952 
-0.0970493 14.3436 -0.192474 0.0373157 0.176498 
0.00213833 -13.7821 0.203004 -0.0730513 -0.146508 
0.0594157 1.51673 0.000670891 -0.082066 -0.196512 
-0.139701 -6.53059 -0.0779288 -0.201429 0.220193 
0.113687 8.8738 -0.257975 0.0932711 0.0641038 
-0.0658092 -10.0062 -0.143317 -0.0214103 0.0717142 
0.299963 7.34648 0.145303 0.513128 0.561509 
-0.158617 -2.19868 0.037832 0.0520974 -0.304116 
-0.0893804 13.5762 -0.167293 -0.139736 0.248186 
-0.166892 -12.4336 -0.262687 0.0336426 -0.357261 
-0.104775 2.97573 0.101032 -0.168746 0.211171 
0.067091 -4.0462 0.0365493 0.022725 -0.259187 
0.0995162 11.0473 0.236623 0.154748 -0.0042709 
0.0936348 -8.62795 -0.17407 0.0623092 -0.105186 
0.0450186 7.21437 -0.0580724 0.122601 -0.223926 
-0.00858276 -0.99726 -0.00624246 -0.0363426 0.00798379 
-0.0863126 15.6098 0.14898 -0.0177181 0.0915876 
0.13638 -14.2147 -0.0666346 0.0562918 0.2816 
0.381319 1.12549 -0.00255753 -0.242616 0.592843 
-0.0795676 -7.4949 0.0796007 -0.170388 -0.253659 
-0.0201878 8.35379 0.102387 0.0589184 -0.0426232 
-0.0551035 -11.7208 -0.0488643 0.0475928 -0.064307 
0.0989068 4.98723 0.0425498 0.211318 -0.401457 
-0.159138 -3.19752 -0.260108 0.0185902 0.133225 
-0.046223 11.8168 0.151303 -0.0929559 -0.321512 
-0.0989509 -13.4974 0.08824 0.0398403 0.202933 
-0.138089 1.62421 -0.210031 -0.212061 -0.279571 
0.0644537 -6.13718 0.00813673 0.0557475 0.148756 
0.0698143 10.6894 -0.00644686 0.171019 0.0422045 
0.173662 -9.03894 0.467881 0.119183 0.213785 
0.115446 6.38041 0.0693008 0.114118 0.325901 
-0.00349031 -2.26678 0.0131045 -0.0385685 -0.0908005 
-0.170691 14.0178 -0.323849 0.0187891 -0.204938 
-0.031268 -14.39 0.0312991 0.0181563 0.0611792 
0.0621682 0.656363 -0.0316509 0.0705724 -0.148775 
-0.127362 -7.01458 -0.194138 -0.204212 -0.183944 
-0.0670846 8.31458 0.0693508 -0.00416925 0.0151464 
-0.0401558 -10.5842 -0.0403802 -0.0365925 -0.269996 
0.1172 4.27938 -0.226968 0.0421329 0.11365 
-0.066834 -2.53248 0.16945 0.0867171 -0.0162171 
0.00908048 13.1094 -0.0290191 0.00975225 0.363416 
-0.0125512 -11.4339 0.0210243 0.0257543 -0.281408 
-0.201932 2.97738 0.13192 -0.269272 -0.143398 
0.120858 -3.79437 -0.158221 -0.0320461 0.138902 
0.105232 11.2922 -0.0153838 -0.000519885 0.367715 
-0.0386434 -8.01637 0.0245496 -0.0541028 -0.0586109 
-0.143618 7.43542 -0.0949112 0.0873212 0.0447972 
0.208864 -0.856411 0.0805232 0.403699 0.0329102 
-0.0306938 14.3805 0.153361 -0.0129837 -0.280242 
0.10049 -14.5021 0.133563 0.0845377 -0.224879 
0.142817 0.370823 0.192445 0.262644 0.0536914 
-0.0258665 -6.82612 -0.0825266 -0.020742 -0.167703 
-0.169287 8.1964 0.126186 -0.241253 -0.186385 
-0.0469605 -9.77206 -0.140584 -0.0613125 0.197154 
-0.0933798 5.23948 0.123729 -0.0264561 -0.237631 
0.328594 -1.75781 -0.346271 0.297095 0.684815 
0.122951 12.5437 0.0289068 0.137128 0.181513 
-0.0452992 -12.9824 -0.117695 -0.143317 -0.215873 
-0.0397821 2.01783 -0.109147 0.0833298 -0.0527861 
0.138371 -4.82531 0.194355 0.0545067 0.283599 
0.308307 10.1815 0.244532 -0.262557 0.399811 
-0.209491 -8.35165 0.12988 0.0477222 -0.095695 
0.0246773 6.06543 -0.01099 -0.0122785 0.389117 
-0.0088891 -1.12767 0.121484 0.0645508 -0.123755 
-0.125064 14.0545 -0.00958149 -0.147008 0.239105 
0.385041 -14.4006 0.602273 -0.105961 0.862797 
0.178479 1.86233 0.160947 0.043531 0.172163 
-0.0929254 -6.64858 0.0687809 0.041896 0.187571 
-0.156936 8.82076 -0.266038 -0.199836 -0.345832 
0.255651 -10.1896 0.12578 0.46295 -0.166609 
-0.011329 5.4446 -0.17257 0.0145505 -0.121369 
-0.0257688 -2.32775 -0.0564095 -0.0736909 -0.248168 
-0.133063 13.7673 -0.0736649 0.0923022 0.112163 
-0.145546 -11.9789 0.0774511 -0.2044 -0.292044 
-0.0688878 3.82004 -0.131036 0.00173413 0.116839 
-0.0668041 -4.74607 -0.107342 -0.035278 0.0189448 
0.0325999 10.9804 0.0953698 0.0563776 -0.0580246 
-0.101259 -7.13059 -0.236181 0.0609285 0.237972 
-0.18152 8.00358 0.112652 -0.215921 -0.338916 
-0.0444491 0.054886 -0.0183624 -0.00331799 -0.0847174 
0.335706 15.5893 0.748364 0.190898 -0.480438 
-0.0328951 -15.1747 0.126911 0.109 -0.0589619 
-0.0727135 0.804567 -0.037659 -0.0673867 -0.0488465 
-0.116608 -7.11668 0.15803 -0.0327566 0.131136 
0.00427892 7.20331 -0.0966512 -0.0234344 -0.193448 
0.0253764 -11.2188 0.15795 -0.0909087 0.122561 
0.0538417 3.50277 0.144378 -0.00695858 0.387246 
-0.095065 -4.29671 -0.183535 -0.0899709 -0.281566 
-0.0428644 10.8558 -0.00377868 0.023764 0.158267 
0.479453 -11.596 -0.18655 0.744173 0.433962 
0.169725 2.85707 0.0285243 0.0772769 0.38937 
0.0249121 -4.29581 0.0705029 0.0321667 -0.474149 
-0.084305 9.86806 0.148936 0.0971842 -0.0897888 
-0.0450601 -9.46461 -0.135288 -0.0376678 0.0384941 
-0.0957088 5.71819 0.152618 -0.142233 -0.274367 
0.0374846 -2.14272 0.0712354 0.0669248 -0.0975686 
-0.0208833 13.3679 0.0545497 -0.028874 0.0364034 
-0.0987543 -14.2109 -0.0131791 0.0648523 -0.331046 
0.0731515 1.05769 0.277184 -0.00379544 0.0279434 
0.0520773 -5.88227 -0.147124 0.0860809 0.183712 
0.065289 10.9195 0.0470806 0.15225 0.270022 
-0.166958 -10.6201 -0.232155 -0.211219 0.12972 
-0.0621262 4.77489 0.0946465 0.0601742 -0.323755 
-0.0712179 -3.23033 0.0601932 -0.0714363 -0.134194 
0.282953 12.2986 0.151397 -0.215361 -0.290168 
0.0669699 -12.4866 0.0351207 0.0395384 0.301666 
0.0402211 4.98594 -0.169117 -0.0054226 0.112095 
-0.163477 -4.93758 0.0867561 -0.192889 0.173005 
-0.0875253 10.4333 -0.201866 0.0625804 -0.306854 
-0.00529894 -9.58525 -0.0231072 0.0180936 -0.0080055 
-0.0700063 6.17096 -0.194055 -0.0438341 -0.17718 
-0.0470784 -0.984085 0.0424224 0.0396339 -0.00613306 
-0.0127764 14.3914 0.102838 -0.119721 0.262695 
-0.14313 -15.1571 0.0792461 -0.204049 0.175063 
-0.137518 0.320759 -0.241611 0.0626906 -0.362276 
0.918719 -4.6588 1.30297 1.2779 1.6898 
0.254904 8.43042 0.173098 0.13742 0.1321 
0.0289936 -11.3959 -0.0214615 0.0700297 -0.138745 
-0.0731034 4.55388 -0.0549009 -0.106226 0.0283211 
-0.0566664 -3.88327 0.124004 -0.0487928 0.0114703 
-0.0605158 11.6753 -0.195431 -0.10995 -0.188882 
-0.0915258 -12.7728 -0.259028 -0.0432781 0.0131685 
-0.0122985 2.69188 0.0670659 -0.00706243 0.0661908 
0.00864371 -5.22078 -0.193628 0.0984999 -0.122141 
-0.103092 10.5665 -0.0625024 -0.145097 0.234263 
-0.15576 -9.3721 0.0849652 -0.200941 -0.146246 
0.0268437 7.1372 0.143392 0.0448713 -0.230519 
0.0117254 -0.793879 -0.123034 -0.0776581 0.310865 
-0.0586299 14.6492 -0.028959 0.00532053 -0.0985586 
0.00581629 -12.7291 -0.0171405 0.0565832 -0.369871 
-0.0734225 1.59752 0.166727 0.0774293 -0.112867 
0.137073 -6.09691 0.0986898 0.0612266 -0.221299 
0.24474 9.78149 0.49473 -0.0778628 0.0628002 
0.0745502 -10.1122 -0.136212 0.00809261 0.266802 
0.0189577 5.45509 -0.102351 -0.0895113 0.208607 
-0.0518382 -1.53313 -0.0524179 0.00334948 0.0978399 
-0.103106 13.361 0.119959 -0.0966114 -0.215855 
0.0409339 -11.7649 0.172389 0.0736191 0.255279 
-0.0535199 3.53012 -0.124974 -0.0219075 -0.092417 
-0.106793 -4.03118 -0.11787 0.0737933 -0.232591 
0.184526 10.5238 -0.264809 0.0893477 -0.185674 
-0.0328768 -8.3254 -0.00897315 -0.0374356 -0.183402 
0.0924925 7.40014 0.150264 -0.125365 0.164277 
-0.211328 -0.57262 0.12857 -0.290303 -0.0553869 
-0.0542371 13.973 -0.0861711 0.00951426 0.18783 
-0.0652238 -14.0893 0.0576277 -0.0553755 0.0735717 
-0.168048 0.840965 -0.293894 0.0745577 0.0272001 
0.107307 -6.1808 -0.0147958 0.0303023 0.321535 
0.207414 10.1109 -0.0924333 -0.140488 0.170554 
0.302463 -11.688 0.60708 0.00264626 -0.374983 
0.1145 4.13901 0.114052 -0.0098713 -0.0526943 
-0.0556238 -3.60213 0.0832297 0.0214767 -0.262096 
-0.133671 11.5835 -0.239109 -0.130065 0.142014 
0.163051 -12.7725 -0.0273363 0.104934 -0.123024 
0.395183 2.60656 -0.0586468 0.634052 -0.179643 
-0.0507505 -5.12653 0.0905158 0.0958496 0.163193 
-0.0129306 10.0499 0.0831127 -0.0965488 0.0686995 
0.067921 -10.1502 -0.180137 -0.0159622 0.120582 
-0.086841 5.90116 -0.0751857 -0.00143918 -0.319952 
-0.20713 -2.24867 -0.343282 -0.263381 -0.112427 
0.00258677 12.6892 0.0290926 0.0265265 -0.375631 
-0.0663116 -14.5443 -0.0862593 -0.126571 -0.208326 
-0.126752 1.35883 0.0947993 0.0344365 0.192489 
0.359688 -6.49681 -0.196006 0.460888 -0.518148 
0.148475 9.22284 -0.0321011 0.138079 0.0112961 
-0.0174813 -10.0176 -0.00231655 0.0439449 0.207135 
0.0113266 5.00653 0.209443 -0.11312 -0.0768667 
0.289846 -3.57934 0.125754 -0.273763 0.456914 
0.0341517 12.5028 0.18982 0.00370799 0.155836 
-0.0987443 -11.2381 0.0993745 -0.0312826 -0.127132 
0.00196052 4.60198 -0.0875278 -0.0284696 0.0519205 
-0.125096 -4.15105 -0.107012 0.0702319 0.135617 
-0.0942191 11.3428 0.0252095 -0.110434 -0.243693 
-0.111822 -9.1278 -0.107296 -0.140821 0.00672724 
0.200772 6.81057 -0.274977 0.0978426 0.606692 
-0.0751499 -0.449916 0.153093 -0.135591 -0.334783 
-0.155259 15.4107 -0.235778 0.0300199 0.133609 
-0.0298757 -13.82 -0.132293 0.0988917 0.206769 
-0.0509103 1.4884 -0.0749614 -0.0978838 -0.0205568 
0.152726 -6.59586 0.208784 0.0862342 -0.131949 
0.50398 9.17361 0.53537 0.801435 -0.239654 
-0.185327 -10.1337 0.113641 -0.202451 -0.302425 
-0.0273626 5.55139 -0.168561 0.052585 0.27895 
-0.0293882 -3.47849 0.0522119 -0.110253 0.0346876 
0.0692816 11.5198 0.0322005 -0.111929 0.458903 
0.0560282 -12.1034 0.045774 -0.00172221 -0.0883181 
-0.000754431 3.27278 -0.00436837 -0.0738158 -0.0515454 
-0.116529 -5.34052 -0.205101 -0.157127 -0.317581 
-0.146593 10.1571 0.0838011 0.0608976 0.168451 
-0.0113679 -9.48028 -0.023282 0.0224461 0.0932754 
-0.167173 6.44295 0.145513 -0.184402 0.0445194 
0.0241395 -0.674119 -0.199718 0.0743333 0.0331067 
0.0769077 13.8747 0.0125877 -0.0244808 -0.226387 
-0.113044 -13.8559 -0.0151663 0.0730088 0.0692122 
-0.0626367 1.94284 -0.0955875 -0.0603564 -0.108932 
-0.152581 -5.8771 -0.2689 -0.0169746 -0.241204 
0.0182919 9.34766 0.0881315 -0.0393432 0.191316 
-0.0456963 -9.88758 -0.212152 -0.142485 -0.0418747 
-0.0210884 4.47427 0.0113908 0.0117333 -0.37683 
-0.0429597 -2.57554 0.055258 -0.00648463 0.220349 
0.00255047 13.3295 0.104732 0.0181109 -0.114623 
0.0649245 -11.9793 0.110376 0.129311 -0.000870885 
0.104331 3.69856 0.157765 0.106934 -0.256801 
0.0133914 -3.49898 -0.0832413 -0.0257719 0.299149 
-0.130871 11.78 -0.235411 0.0769014 -0.00491376 
0.189776 -7.44084 0.118124 -0.190086 0.179756 
0.0183022 8.1014 -0.157075 -0.00276047 0.278452 
-0.00557705 -0.0654401 -0.00794234 0.0196405 0.0053726 
-0.0128191 15.4978 -0.173003 -0.122109 -0.109962 
-0.0329643 -15.1107 -0.0299487 0.003572 -0.138786 
0.0286666 -0.408103 -0.167812 0.0872281 0.12941 
-0.0491472 -7.92402 0.0400535 -0.0928511 0.0322141 
-0.209885 7.94222 -0.349206 0.0604836 -0.278962 
0.0659844 -10.5895 0.04498 -0.130065 0.111491 
0.136201 3.58502 -0.0152786 0.0686707 -0.215583 
0.0663052 -4.41164 0.200198 0.0444345 0.522779 
-0.109463 11.3146 0.111339 -0.210034 0.00421183 
0.144837 -12.8208 0.131627 0.141453 -0.0300432 
0.398349 2.67964 0.681989 0.450955 -0.504023 
-0.115866 -5.43212 -0.243905 0.00299319 0.157878 
-0.0804877 9.69406 0.0957016 -0.0949218 -0.292577 
-0.156097 -9.80291 -0.289383 -0.22656 0.0625794 
-0.06874 5.49397 0.0456476 -0.00202712 0.00990789 
0.238671 -0.397967 -0.117281 0.395524 0.119822 
0.115197 14.2703 0.000283972 0.0533521 0.291055 
0.12185 -15.0308 -0.233616 0.0478665 0.182145 
0.052833 1.29272 -0.00836631 -0.0727571 0.131781 
-0.1161 -5.92213 -0.157197 -0.129025 0.031663 
-0.10706 8.81625 0.1381 0.080793 -0.303335 
0.0177255 -9.45643 -0.0411482 0.0122573 -0.31515 
-0.205298 5.07546 0.104856 -0.240708 -0.120275 
-0.101518 -2.92775 0.034099 0.0129197 -0.330595 
-0.0734274 12.6748 -0.0580155 -0.113225 0.177395 
-0.0332241 -12.2537 0.124081 0.0719117 -0.114217 
-0.00317092 3.43228 0.0174254 -0.0821788 0.305986 
0.0049946 -4.83517 0.183846 0.0356598 0.0650045 
0.173443 11.6223 0.0403692 0.321625 0.437331 
-0.161903 -8.77658 0.0973299 -0.235185 0.207098 
-0.106623 6.49094 -0.116634 0.0459103 -0.195409 
0.197276 -0.786536 0.0188971 0.0801219 -0.0251544 
0.234924 15.5352 -0.078852 -0.126883 -0.2565 
-0.16864 -14.4481 0.135806 0.0467802 -0.0453653 
0.0177809 0.093573 0.0351431 -0.034858 0.312809 
0.109894 -7.09117 0.0190053 0.121467 -0.250071 
0.157123 8.51672 -0.21272 0.166152 -0.0217276 
0.247346 -11.4098 0.337643 0.443523 0.0437721 
0.0830354 4.69999 0.0621165 0.025464 0.0817869 
-0.173717 -3.65286 0.104243 -0.246958 0.122129 
-0.113349 11.4198 -0.181432 0.0384346 -0.260489 
-0.087936 -11.8783 -0.169328 -0.117563 0.138876 
-0.18072 2.83597 0.113853 0.0511482 -0.320526 
0.0380502 -4.53664 0.00956616 0.115528 0.0576929 
-0.00737927 10.185 0.11697 0.0558733 0.140046 
-0.0935385 -9.22236 -0.0265318 0.0470637 -0.23689 
-0.126077 6.40976 -0.17966 -0.187252 0.255602 
0.477023 -1.72598 0.551126 -0.226996 -0.545877 
0.169493 13.829 0.211505 0.0617891 0.0276411 
-0.00455513 -12.9769 -0.16494 0.0249672 0.278279 
0.0210064 2.87192 0.126625 0.117045 -0.0409231 
-0.0512145 -5.54085 -0.164415 0.0938693 -0.0503093 
-0.0340776 10.1972 -0.0396624 -0.0640896 -0.0665041 
0.132714 -9.77108 0.173243 0.042431 -0.215519 
0.1157 5.61996 0.171029 -0.087938 -0.0217275 
-0.15383 -2.79025 -0.244163 -0.232504 0.0545863 
0.0022019 12.9157 -0.0751362 0.035725 0.204028 
-0.0830194 -12.3625 0.00880817 -0.109488 -0.0121288 
-0.0918251 3.53313 -0.241549 0.0950479 -0.253009 
0.104504 -4.35663 0.318541 0.0187664 0.173249 
0.0120613 11.5727 0.0669291 -0.0488627 0.140065 
0.0247355 -9.55421 -0.0260233 -0.0844487 0.454462 
-0.113471 6.8246 0.0399585 -0.18299 -0.085124 
0.0549552 -0.476147 0.140021 0.0644549 0.314889 
-0.09465 14.9827 -0.15901 -0.0791709 -0.212033 
-0.0662323 -15.1877 0.0971621 0.00857706 -0.320203 
-0.0541246 0.107705 -0.13792 -0.00327615 0.153446 
-0.185979 -7.05073 -0.193242 0.0677689 -0.0549045 
0.00569917 8.43949 0.0494109 -0.00237493 0.227479 
0.199776 -10.3617 0.0596154 0.0734319 0.355487 
0.515383 5.66727 -0.307107 -0.170482 0.729326 
-0.192711 -3.53928 0.149655 -0.268719 -0.250231 
-0.074326 12.6616 -0.106462 0.0233061 -0.0371036 
0.0730529 -12.987 0.113679 0.104852 0.270578 
0.104473 2.38276 0.177708 0.11111 0.191371 
-0.00778207 -6.28975 -0.0692785 -0.0604972 0.0616962 
-0.131685 9.88727 -0.199248 0.0446592 -0.324313 
-0.00443006 -9.63427 0.0168648 -0.00244228 -0.187362 
-0.0437148 5.62424 0.0855854 -0.157563 -0.0443386 
0.03153 -2.05638 -0.0935554 0.0264049 -0.230985 
0.110429 14.0249 0.135644 0.262562 0.138407 
-0.042678 -14.1046 -0.183627 -0.034799 -0.0559537 
0.107728 0.0489149 -0.127387 0.065274 -0.441648 
-0.0158542 -6.33112 0.0947166 0.0751626 0.284928 
-0.118916 8.72321 -0.110104 -0.188807 -0.220918 
0.197144 -10.1423 -0.261183 0.225331 0.0527555 
0.0720945 4.60154 0.0441317 0.0792662 -0.0899283 
-0.0468959 -2.9784 -0.211554 -0.119976 -0.214078 
-0.118254 12.346 0.100265 -0.00754294 0.0282536 
-0.0862838 -11.7769 0.110805 -0.12305 -0.29546 
-0.193724 3.75103 -0.292835 0.0569501 0.134436 
0.18785 -4.28999 0.0887857 0.358973 -0.166861 
-0.0626022 10.452 0.0217701 -0.0115927 -0.161274 
-0.0183819 -8.25998 0.126771 0.0756084 0.0923372 
-0.126038 6.87673 0.0127844 -0.188342 -0.331665 
0.208881 -0.494985 -0.00301584 -0.139453 0.566021 
0.0776409 14.7215 -0.125552 -0.00792394 0.162492 
0.0271824 -14.0556 0.148967 -0.00913088 -0.155792 
-0.116912 1.09655 0.0592922 0.0479514 -0.220772 
-0.0751719 -5.80321 0.0130974 -0.0653898 -0.0708078 
0.0607455 9.12585 -0.110231 0.0990269 0.29576 
0.0042982 -10.7231 0.0574811 0.0202444 0.187366 
-0.0108753 3.94504 -0.152101 0.0783151 0.00294487 
-0.0345953 -2.76094 -0.0472342 0.0548032 0.258308 
-0.0332599 12.5038 -0.140757 -0.132234 -0.169483 
-0.144385 -12.4515 -0.0326027 0.0538672 0.119408 
0.0418504 2.35412 -0.0468814 -0.0317782 -0.2711 
-0.0641151 -4.75863 -0.202221 0.0364072 -0.0415463 
0.153917 10.806 0.0766253 0.288082 -0.38191 
-0.154099 -9.43709 -0.288595 -0.227904 -0.300314 
-0.110947 5.78664 0.0620044 0.0405767 0.0973027 
0.228847 -0.680752 0.145218 0.094406 0.30178 
0.567545 15.0393 0.84474 -0.222155 0.828303 
8.45474e-005 -14.1096 0.0659946 0.0706873 0.148005 
-0.0434388 1.65187 -0.0121046 0.012042 -0.173873 
-0.0300188 -6.29126 -0.0962944 -0.0632736 0.031389 
-0.215115 9.79152 0.115533 0.069554 -0.000272561 
-0.0380973 -10.3875 -0.1223 -0.0824568 -0.106577 
0.0594009 5.47727 0.165783 -0.0225029 0.312626 
0.108381 -3.2338 -0.223236 0.132461 -0.27233 
-0.11067 12.7153 -0.122118 -0.202216 -0.132387 
-0.0107335 -11.098 -0.144016 0.117533 0.00515423 
0.11084 5.15051 -0.132679 0.0869881 0.624314 
0.0847649 -3.77496 0.132064 -0.126703 -0.110741 
-0.0621606 11.831 -0.0998254 -0.0350336 0.214519 
-0.0524544 -7.8291 0.187836 -0.119423 -0.228613 
-0.0384774 7.82837 -0.11389 -0.0388771 -0.045204 
0.204072 -0.643543 0.474938 0.218458 0.0754562 
0.0681453 14.6079 0.0506542 0.0826799 -0.13433 
0.0749715 -14.4411 0.0357766 -0.0338581 0.359912 
0.172454 0.786494 0.468178 0.0422714 0.147691 
-0.176162 -8.36741 -0.313257 -0.199423 -0.148179 
0.00491313 6.85559 0.0242556 0.0258706 -0.228877 
-0.171827 -11.2676 -0.227312 0.0687999 -0.273007 
-0.110042 4.14893 0.0408038 -0.148532 0.175646 
0.0031637 -2.03147 0.0574748 -0.0974577 0.124162 
0.0701063 11.0584 -0.00793555 0.0423596 0.0125538 
0.0377432 -13.7898 -0.00273692 -0.0779546 -0.0412774 
-0.0768052 1.62404 0.00154453 -0.125868 -0.198548 
-0.0350918 -5.71912 0.0973128 0.0492732 -0.227602 
-0.183885 9.51528 -0.280047 -0.2162 0.0870994 
0.434481 -6.75672 0.0120313 0.672387 0.935278 
0.130261 6.28015 -0.0848802 0.0879829 0.134361 
-0.0263232 -1.84875 0.0819457 -0.0875425 0.0891343 
-0.0628523 13.4881 0.0337127 0.0778438 -0.353001 
