2898.657476205097
7550.157516973813
9625.947580645161
4453.830822835701
6903.21602925
2517.92607803
5171.08752373
9500.53871063
10462.8444519
5630.93756549
3283.09813908
8031.57085566
4255.58124524
9206.15920916
6576.0601261
2345.10923803
5955.95485665
1846.96040551
3825.34549593
8769.33962957
3238.58762921
7289.88578416
10246.4950866
5244.75045375
6055.65830283
10588.477905
8657.27056032
3317.81576801
9342.26644973
4524.62184812
2592.02348834
6903.49745621
8620.60067094
4030.15619335
2082.54596013
6570.84503518
5303.63354373
9654.56855754
7651.05656016
3341.65314465
3660.23390706
8113.31832408
10696.210325
5490.36543475
6888.57161374
2658.51504397
4641.81250766
9536.8640849
4014.39608547
8594.18553835
6440.32111679
1885.57497252
9570.97942739
5227.34646878
2985.13931513
7270.1779444
8088.60896739
3414.52084074
5303.91039136
10421.8841418
2375.27708333
6697.88999547
9054.86034274
4424.93714953
7844.57773598
3007.96364819
5710.81533751
9617.63943814
2070.18571194
6403.10508475
8932.39946409
4235.98208013
4809.9984876
9490.55958614
6668.01083481
2438.46584486
10557.1019168
6439.90478492
3725.28855721
8494.70343415
2640.35624037
7237.25579431
9451.35824603
5199.62134726
6146.1496188
1813.93856291
3845.55188867
8499.3935344
8279.06062053
4660.62493034
2327.08914566
6998.39426365
5830.11153846
10117.8684151
7551.08973903
3193.51360873
4994.43094858
9361.01482334
7491.95323963
2914.50476516
8455.63348462
3907.9679763
1796.02092412
6440.98841978
6930.88631097
2491.87465322
4542.06729649
8886.99766893
3405.49130144
8332.73918485
10207.007394
5881.64937582
10145.0575223
5757.32134315
3271.06630904
8258.00697327
4333.4546988
9389.60044998
6393.81367902
1984.15582119
2456.08684167
7507.89852683
9267.21079973
4677.37725091
8790.20305319
3964.99394588
6039.18389412
10835.0235294
10673.9953812
6067.13003023
3629.60512735
8420.9044838
4793.63939294
9823.10610169
7026.93136872
2534.12361777
2571.93856923
6296.72410347
8401.44873276
4385.49223939
7776.4978135
3566.00588564
5023.65354025
9966.41962035
5755.28414837
9793.24888032
8301.58537563
3367.08071042
9021.31472133
4191.07944014
2480.5401638
6939.62754491
6023.44394208
1960.28859971
3891.47238014
8343.89586466
2949.04748585
7775.50599283
9856.94412451
5307.31295887
3404.96305359
7465.14286172
9486.30463822
5525.48769046
7507.5322177
2639.4964418
4894.52860535
9067.67244644
8726.09499593
3746.13774518
1835.54277026
6186.7457992
5253.31890903
9818.73903858
7287.29083639
2605.42369452
7972.57795502
3261.37743406
6005.44087803
10591.7175205
2829.01040936
6745.50718179
9430.36847399
4878.93780992
4047.73867319
8589.37069281
6424.87820472
2059.78338983
10661.5637575
5735.32473668
3153.78960857
7354.86836128
4473.60225117
9554.76411421
6831.25103084
2347.97683714
10093.0161164
5446.048501
3255.0340953
8067.56622178
7251.43667889
2963.44997488
4803.62132443
9416.89036523
1757.21010996
5863.44196915
8722.79695566
3962.0957508
9143.54813476
4831.06355075
2982.78901669
6974.35775382
5916.2804742
10864.0408513
8570.34636872
3855.50708442
3544.75675765
8008.48801347
9791.4817449
5855.46582188
6335.85857086
2202.24033345
4495.10397035
8793.53107417
6337.55822785
2659.48894402
5069.29294097
9433.80923291
3550.34095849
8009.2731646
10328.4025547
6088.56155285
5416.29560108
9981.65567715
8044.36819026
3164.66069065
9010.45983295
4409.42036377
2284.25872065
6596.73096234
2224.43102664
6974.72666667
8923.67644157
4182.57738544
7895.92687092
3277.63863254
5646.75770966
9897.75606152
9496.23406767
5246.64189466
2902.15324357
6958.47490056
3976.45992204
8536.57390919
5640.40559595
1901.39170013
6084.53759305
1753.80179276
3347.82116752
8039.09384809
2587.42707463
7488.44908475
9239.19420968
4699.27257471
5704.96067945
10047.4735931
7965.72428416
3229.4311262
9054.52226428
4297.77740964
2238.87555416
7116.93441845
1954.21347222
6337.36344194
9031.47967529
3844.13975498
6756.87914061
3022.94896574
5055.34282835
9770.38000631
10051.9402123
5854.91111901
3623.08024853
8133.24390851
4650.34672196
9270.8508763
7087.22321865
2690.99478838
4268.21485697
9219.31100324
6404.58780715
2238.71924399
9536.0146789
5441.95397241
2915.52825112
7831.91049059
8267.10949985
3694.05186306
6192.45735319
10575.26753
2588.04921071
6926.31181176
9292.35436198
4437.67873815
8251.86518808
4233.20942623
2090.57491915
6414.04827809
4899.38267503
10006.3501104
7358.98052042
2795.30626422
3464.65592635
7927.39914191
10240.9315561
5698.26171342
7071.2316129
2463.17095214
4369.09652091
9146.13033787
2870.033772
7314.82658133
9571.54872564
5090.12483877
6434.07882013
2152.73304181
4164.1376702
8274.7738836
8712.1402791
5095.713228
2754.55921697
6921.80274497
5494.29051439
10700.1491186
8132.33477232
3734.42024632
7654.95031656
2628.13849409
4857.35812044
9373.91808803
1836.99883758
5612.44224293
8483.01556701
3559.42853873
4618.57306338
9122.66667747
6551.89195766
2355.75717331
10336.88513
5046.15909774
3459.82416779
7738.20232322
9490.55079021
4954.83886667
3112.07876512
7941.24527127
4263.72536694
8356.21411073
6133.32516445
1927.79333122
2515.2982575
7004.55369186
9124.74275143
4614.87226788
8204.65229035
3615.72138872
5522.14408528
10913.7800169
5507.55805991
9647.52824623
7657.75049924
2973.11694439
8154.99103688
4278.10576076
2305.04873758
6632.07052078
7211.57018432
2576.32290111
4810.3797916
9897.996131
3288.79489348
7840.40274237
10960.2228031
6316.57374784
5777.32405356
11095.850874
8314.7846949
3689.91956732
9278.02350714
5159.83793177
2698.81585469
7058.26341381
6193.91580768
2307.75192049
4551.2060019
9221.07498027
3297.30189292
7626.65853027
9750.52806178
5578.48643533
