20572.285851234537
9637.170813246395
7747.455629231339
6317.258953740517
18610.60050695642
10925.5363325559
15325.025485316197
14485.77202964854
9028.732784021835
3396.141076292827
13523.93976524544
858.8857036794544
15878.766154223033
7711.4963885181405
7921.168411155296
19448.677685293922
8310.852301917548
13677.941638505787
33946.18458069016
9787.94557542438
1210.0400588923235
17121.249555760216
15931.319533628897
11737.333569339866
11973.47990225019
13489.918445573267
1454.6132440163622
7599.506931552164
21081.536114226106
29954.502265193456
26404.55038301189
1614.6692752854522
12155.796436825949
3835.960184349091
5506.535738481994
15282.949333934614
11837.35446018255
17902.273143251157
20787.074136925865
4347.079606535275
10476.913510739107
19344.12938204366
8825.454695251961
11574.9992536404
14575.571088162014
19324.24229617458
14408.03795917579
3441.567709222732
17318.772351785796
4205.472541968126
15878.09061445
18318.32317898866
1055.0311043725726
10285.645226193677
14533.011584141843
12928.96052
1944.1828973414888
9398.70093444356
27004.403172647137
20865.04136777834
8331.925212921155
18930.336793284478
4303.865111747537
12206.726476000129
2142.2699258224648
37939.22754768672
1048.294669477405
4524.908284129314
8375.78835537811
12699.376247855062
9574.83477759911
13395.013978153434
8285.702809493492
24998.39172572177
3604.348250118655
19673.22024572007
19101.337607939007
18108.23131576584
19978.597883489154
10058.496725467574
11646.89884515526
9375.982303536452
8704.276809376155
24764.28681000861
14090.778438684081
25962.47189230867
3130.857825173516
31157.44954738026
12485.862288274253
14835.119065568128
1794.2334264596852
15913.167361127074
6181.906926110798
7930.935369048152
7207.5081982242555
5027.183867983842
11666.189770062498
11517.41127670917
12709.423006575136
2075.8896141254513
23556.47424599514
6622.747979377667
11610.54958519163
17675.108248789722
12997.982958295866
6283.357130996521
13155.553888809543
18576.48162557605
2148.8286107834724
3327.6292305297434
10293.982988106973
18450.884711323175
8284.7648865895
1343.220784188483
8738.732734754883
10777.884399565002
9507.602890885051
15266.74009309419
1209.1637934760965
9878.147694188548
3727.2504493776614
3598.822368680514
6239.029679929086
14998.58134292729
1705.7873988355498
26996.457449029254
12803.643858572266
6218.2099654033855
23856.836141653002
10165.043747654485
13348.079517263815
23428.727386648203
4686.453889196817
27934.40864426616
2506.45467126668
29974.784886816025
7446.952134717916
10052.179924507715
16383.043897775815
4763.988061550132
23316.240012139355
2786.596324116162
1025.7112892291075
6766.1330148766065
4506.152066420436
7265.40265799803
6828.95419429434
27269.858569896875
7971.158917162552
9175.368457454253
1599.3395542586302
8149.278250077086
5484.898000033082
6001.359953136814
8092.480244094189
5723.401291792535
1831.7969975241306
10776.745502495749
24293.796393576282
29082.611348015147
3713.174160804108
886.5869271250314
6702.069545279598
19227.144880913973
8822.078429738925
18240.433696090888
15465.156573028828
7756.18034315252
5864.550995337506
8280.585935157036
1612.78330306164
21706.849461696893
579.9119313242867
16114.530192758315
2095.0546896275014
35161.083320766724
1032.1457775026436
8988.336748449768
19335.419680554027
27851.186221952205
20469.984453671834
13827.567538153506
1226.1644900719252
7424.031077806455
5242.059408079159
15124.187781872024
3024.737323076669
18222.040035556347
22532.593526706652
8156.201190726272
19614.3256249497
6864.329225487572
20090.387699944487
17100.237897991457
2644.7687132127985
23994.836607659487
7310.696012158611
4468.002414459087
1795.4753121273845
6422.943804672502
18129.622140007512
4902.389224444746
7453.328647618139
23414.342453154808
10869.496525120707
1248.4313797105765
13061.281239469638
13420.127698279117
18729.416898097556
9873.65459006718
1862.8725944628331
3741.6973896806053
24552.055596830254
3997.105324493694
9961.946285802542
3583.9605658936903
4094.7413838153298
2775.6710683071187
11893.90341554637
27499.59221402889
16546.038208668997
13203.978783058186
6038.123249187841
1344.1966412328181
7274.806997819315
32090.79623321458
8267.784668659793
25750.898641770702
12951.70552696023
12596.858205348282
19424.93418890193
8724.62710782071
29509.85910946908
17750.367505868046
16166.503893092004
14105.745730264847
14188.151685555516
5612.017434406669
1713.0453599033813
19009.601023805797
33417.63378062918
9074.764303916983
12607.16225024381
17580.045269724575
1592.4674255700704
13033.695136470846
18531.84090732272
7350.945485033911
6552.914169562723
11898.090344564343
8299.523418428511
18044.241088563664
16778.868678179813
3256.207680004784
6932.91166167654
5237.510834653001
9079.632164864559
20088.823922789292
10759.517876170397
12246.623735831608
4629.714768539521
15281.466161593524
4332.077261835374
2113.2397720146932
4091.4113334437397
11535.218700253852
10485.48263158916
21743.268686549658
3620.088150711267
9054.235820274505
11990.960116227092
26263.709008778984
12731.60145328189
9053.352037349134
18569.250294914604
8248.094431329726
13922.020836440724
10150.070070383092
16068.747873537908
2149.776156734399
6675.261136345974
3289.678107782186
9936.69361709294
15281.469660387296
4902.648403343233
6034.755166179009
7756.358515624712
24549.450453808295
5251.187354415133
19095.663521225426
11279.56258424419
864.0433452716632
15262.793381309244
4301.903286350348
6707.981072031003
4148.580095795409
6464.868018482634
20933.84960951217
4887.211072318468
1628.4747984806527
15142.359288029495
2435.561967907573
26841.939865718
1828.0400173834175
2047.4588383412279
9992.303313992794
10530.060653949824
20219.62917726379
1249.0212116623602
5273.790969690879
1319.6069791887508
23278.99050424365
19255.749323311407
12209.127088341751
14245.295841080288
23242.339210555067
673.686275433476
12032.016093455466
8946.046703949523
1401.57913801167
4133.374478385185
16952.7328910239
19263.566925064508
12948.246375535236
6755.741389422085
10355.710434956365
25422.66983617867
7157.886337846938
21534.3341403436
7122.461359606204
19661.348442688348
3323.2597897885876
11424.43247757047
13672.953609735734
5541.553191525554
8332.15466117291
18853.015011073505
4301.210476525041
3227.515926215424
9491.997295554906
12265.718545281348
1796.9207814294828
14297.662396731528
27729.16651404528
11194.19269627231
10158.253658062235
27154.575507788744
6250.672832881807
6370.2270294836635
2315.2863842043657
756.8018569469406
5322.247552522353
7672.8525020834395
2874.2320850426986
13656.819652217859
8981.304675068921
19358.113793722347
14253.946082604778
5367.824080060823
16921.617017071556
32376.07665837935
13062.941513904778
682.5509277192746
2214.8357259614927
23518.206319873454
24693.856552313653
14841.848468132423
19553.432017781826
12911.898424656218
13288.705936726868
16087.589371788365
3230.119323082633
21755.162273095797
25828.491375719113
10160.903035910851
3389.34028483139
4185.7731976801115
2312.5955116809114
9424.075886993029
10044.818103293474
554.707683488287
1565.3586700634723
10372.931784390248
9130.680966502752
2956.2592219740854
5370.891813539559
10656.107437019748
9098.62800996418
14933.728518331172
2261.9958126721767
8967.58724462834
14887.038950715041
6682.835786138173
7640.2711471779485
6027.408473873155
10777.010626557556
13593.847302491497
23288.917120908598
7635.035732846743
13847.87617498907
