39508.99399141631
11656.264170692431
10025.293541456016
17189.209364747985
21655.023750827266
1782.2479711602953
17228.166380731196
8005.485307621671
12029.479376936697
7255.9557509596925
10998.343279920098
15322.046510824504
30861.921278779584
1757.0365946754644
13858.132506306163
3582.066635386453
7339.441098749612
12365.85965984975
2651.5116292266753
33658.578350535165
13575.14869638602
11472.90962339137
6093.706131129965
8704.129111936036
6665.830854596295
18957.30311077556
1514.112504391358
23335.124738608625
9232.01756225681
6773.750327320028
6034.276726300757
16619.596588871056
5706.4900658014985
12474.668652326105
10737.530042430995
2179.9967430312136
2847.9229968245877
21128.057038062434
12710.867058429512
18723.17449389906
6400.655543034295
12632.09116810828
18622.081323954626
13658.59037900409
2937.2272273284316
26554.3982966643
6620.005966452719
12570.873601605543
16602.96742108398
8408.820629568569
31223.69044438536
4252.887611516213
8424.228061182814
20012.727837141578
10859.337531244792
5974.794397517669
13051.232720256025
3571.5367666300863
13137.620247993118
1998.646066509046
5558.445095785888
15365.973407209209
22055.331643091067
8669.094050365053
16174.937623224027
11205.32514200084
6169.876322306737
15711.567039934906
13908.026176556243
18928.42302412016
1336.3940773769812
13754.854853602252
18567.062920901983
10956.469567920582
3379.3423127615765
2362.5979323936676
14291.213299539419
22338.433419794354
1906.4319400979189
30045.033415039852
18068.230453061566
975.8558202888739
14234.261431649717
6562.311000676224
7458.8709614133795
4522.525383776127
17119.93111648933
25401.916888820473
17072.273973863197
1461.4947455336303
21564.05697936794
14713.267058761086
9537.860437412077
4958.350451016991
8390.050775715423
16452.78999415245
4611.735250012736
9316.08718498329
27857.959590729548
9224.99556038548
15548.406129826919
2031.5257488671693
23709.734436535866
3105.6009136140074
7189.476756126775
10881.7508005211
16705.465469839575
8968.508145453276
8789.029941293225
2230.208816994657
30692.4495624047
4145.025157224997
4195.23264941983
35703.10219725417
1642.9396203678223
9815.085269581017
7412.927638057772
13279.916931933785
8830.078639945465
5953.061145823223
4974.9945728179955
27032.015853007782
6708.460208770912
14979.784986974024
10721.853113475543
28325.46920663618
7475.7745455490185
4809.741300816133
12180.652049758235
5561.386517176658
6915.893083179096
13375.382998547635
2282.592008018005
13085.718485336254
4682.531017774563
32753.1852522184
9502.211976117444
6087.413149081762
12256.867608449433
30641.33540229735
3700.2590333300723
12720.529853536838
3030.741812581177
21598.653809679476
29822.948222698986
5300.370032648367
18775.32109792606
6878.18673658729
20065.48433782828
7077.01398076524
2024.6311197244938
5927.472244765465
34112.53007779301
3017.4222563591597
9860.101450972812
2234.219660302808
19665.838389468285
8728.919898919932
12768.293664028619
13679.520581436058
12301.763991740892
18421.71487546174
3427.9051406909725
4038.495750071059
14714.140476826859
8853.660625973493
22369.445308802588
1496.5243681589106
8938.781184312787
13039.485915647192
13159.71358825698
5378.789066811674
23287.624326641166
17747.206596921715
20083.41563002803
1293.2665153577238
2109.2958504371004
14555.600009701811
12045.351292975094
19296.341559701516
6253.462717521321
15516.93172356196
15379.256928606848
9694.691896517148
1102.274754121188
22469.36409931273
6938.704618559222
13868.536464827304
5756.681423692198
5610.341194705614
21330.969678417783
12296.574500892706
9518.325260898215
6785.735599658539
8001.201304846168
15398.711098106329
30851.817310586746
3498.2980937294165
12506.959716694793
6876.571309193772
19015.497479874928
7647.698615787256
3467.638653986475
10639.932187900216
19249.95824141129
3831.071525524414
17135.97796013843
9284.168304028726
7533.489217051919
17727.277348464282
2619.0406971402836
20470.659866265767
14073.23681454799
4949.685396020228
8444.489633150768
22155.152900088462
5390.445896574878
9823.65124276815
3664.612377849029
24088.37381812693
19072.839530000332
9188.88944964705
6972.806290883495
11837.574989480032
8776.242474645398
16550.49806761702
20874.139459689075
17146.28647745881
1519.1615647245208
26558.852694254456
4990.946829697188
12693.817173206678
4264.315450549
11615.272747129004
10365.936197665387
4248.726655396003
2051.3726584793426
19384.939807773135
6976.6455969394765
18993.471393845808
14965.389932628386
7003.576075236662
17580.790953621927
948.0570501635816
9067.784610141358
9623.982219267004
18165.13216972762
7832.630071114703
17357.32418885273
6773.997658756026
34856.54922019974
3092.123417119633
11542.424256249546
13026.252426562707
5060.875982483826
4097.798521208834
9062.574587860734
14312.373718037947
11205.270096812807
5624.446827845341
21383.220056426966
19490.58865405998
16003.411726741417
1896.8856536256915
13154.068063513412
21584.67291770931
5013.856097981542
3454.5499053705566
18380.776560454142
10640.142649161418
24800.56743798579
1042.025086431492
1155.924590738149
21039.11887075279
9654.536760239438
16257.467842748238
4312.329464447146
3954.8089341044474
26454.953608099644
17141.995883274314
1258.5797464166292
13708.084360149118
11030.491947008226
20220.14892329243
4988.385140960028
12482.351279901093
16838.617684577028
8180.561169457058
7723.38196789989
2971.6583857236856
10135.264849916934
25797.227576593476
5411.892810332196
17236.16878509617
4787.43807198376
28406.302780059494
13006.823381369306
9221.323767796137
8565.55588787274
18465.05491306352
654.4186528985958
7184.796004249088
2452.448056538649
27106.715869343123
36489.366890030884
5536.824794749752
10889.241145865923
3865.237425241573
12502.709293483118
7261.083082244435
3864.302599144753
7357.811507648634
25742.764187668647
4373.59869053676
14197.124167627142
3710.5742167561148
28378.773794850513
10831.773205909882
6437.774636908498
7735.791265888156
9281.126724742613
24523.092416833402
12321.672947266154
10204.55886312562
1235.0155484917216
18672.53628898904
4758.107876668598
16118.24605543766
7553.425923901885
11007.17583676359
15474.958786466952
10682.70822517038
2612.188596173007
34150.53249249073
5999.646682253255
14474.949933338867
11490.138568377784
4294.450554652955
29011.894884903122
1838.7557095202706
13244.014260044247
15083.837460220902
10935.402540493727
6668.984445444966
19921.52780991375
11652.539220027993
27531.36744747108
2436.364407921512
5123.779613206748
8471.922940953496
11909.59019124696
5371.807954052893
14551.110982875147
5888.106958554686
3321.9708873788686
11423.30677034041
18333.79583005827
2680.331397694851
17329.939602090395
7585.4264875198
10601.102953991009
6104.864609712622
11414.188553191578
17795.671755008265
29951.70980210858
3581.962069638732
13794.58193078857
9552.94087113
4566.629500987501
14407.76772048453
3516.327841879906
26889.957983980035
20462.926169793194
11008.294325614146
6290.046906935979
12100.429724657311
9424.331988170243
15890.177641434415
2599.5902911510284
17368.242502007033
13990.110181216192
3744.956278834712
7943.548612523057
20702.251207653404
4945.298646147734
6996.5369357802465
12763.542343397638
5304.42702759157
4858.721838202368
30792.810467359952
7860.24297361186
14407.604363848219
9474.075505276787
22579.4029260697
12257.236947753063
6457.777699721327
2022.135211548718
18403.651350427877
7836.545911968482
15464.54241382432