108079
56592.7
54059.8
56592.7
108079
80824.2
46143.3
42609.7
46143.3
80824.2
77390.2
43946.4
41215.3
43946.4
77390.2
80824.2
46143.3
42609.7
46143.3
80824.2
108079
56592.7
54059.8
56592.7
108079
72311.8
42634.4
39233.5
42634.4
72311.8
56620.1
34200.4
31227.2
34200.4
56620.1
54365.4
32798
29879.2
32798
54365.4
56620.1
34200.4
31227.2
34200.4
56620.1
72311.8
42634.4
39233.5
42634.4
72311.8
72311.8
42634.4
39233.5
42634.4
72311.8
56620.1
34200.4
31227.2
34200.4
56620.1
54365.4
32798
29879.2
32798
54365.4
56620.1
34200.4
31227.2
34200.4
56620.1
72311.8
42634.4
39233.5
42634.4
72311.8
108079
56592.7
54059.8
56592.7
108079
80824.2
46143.3
42609.7
46143.3
80824.2
77390.2
43946.4
41215.3
43946.4
77390.2
80824.2
46143.3
42609.7
46143.3
80824.2
108079
56592.7
54059.8
56592.7
108079
92022.6
47245.6
45777.1
47245.6
92022.6
70085.3
39636.1
36828.7
39636.1
70085.3
66724.2
37429.8
35413.3
37429.8
66724.2
70085.3
39636.1
36828.7
39636.1
70085.3
92022.6
47245.6
45777.1
47245.6
92022.6
62428.7
36616.4
33882.1
36616.4
62428.7
49714.7
29777.1
27146.3
29777.1
49714.7
47507.1
28485.2
25962.4
28485.2
47507.1
49714.7
29777.1
27146.3
29777.1
49714.7
62428.7
36616.4
33882.1
36616.4
62428.7
62428.7
36616.4
33882.1
36616.4
62428.7
49714.7
29777.1
27146.3
29777.1
49714.7
47507.1
28485.2
25962.4
28485.2
47507.1
49714.7
29777.1
27146.3
29777.1
49714.7
62428.7
36616.4
33882.1
36616.4
62428.7
92022.6
47245.6
45777.1
47245.6
92022.6
70085.3
39636.1
36828.7
39636.1
70085.3
66724.2
37429.8
35413.3
37429.8
66724.2
70085.3
39636.1
36828.7
39636.1
70085.3
92022.6
47245.6
45777.1
47245.6
92022.6
82006.8
41464.3
40667.5
41464.3
82006.8
63429.8
35655
33287.3
35655
63429.8
60048.2
33393.9
31819
33393.9
60048.2
63429.8
35655
33287.3
35655
63429.8
82006.8
41464.3
40667.5
41464.3
82006.8
56303.4
32944.4
30608.2
32944.4
56303.4
45470.4
27082.1
24633.4
27082.1
45470.4
43251.3
25854.7
23566.6
25854.7
43251.3
45470.4
27082.1
24633.4
27082.1
45470.4
56303.4
32944.4
30608.2
32944.4
56303.4
56303.4
32944.4
30608.2
32944.4
56303.4
45470.4
27082.1
24633.4
27082.1
45470.4
43251.3
25854.7
23566.6
25854.7
43251.3
45470.4
27082.1
24633.4
27082.1
45470.4
56303.4
32944.4
30608.2
32944.4
56303.4
82006.8
41464.3
40667.5
41464.3
82006.8
63429.8
35655
33287.3
35655
63429.8
60048.2
33393.9
31819
33393.9
60048.2
63429.8
35655
33287.3
35655
63429.8
82006.8
41464.3
40667.5
41464.3
82006.8
148683
80013.5
74693
80013.5
148683
107789
62298.5
56745.4
62298.5
107789
103668
59789.8
55140.6
59789.8
103668
107789
62298.5
56745.4
62298.5
107789
148683
80013.5
74693
80013.5
148683
96977.4
57499.3
52206.8
57499.3
96977.4
73670.6
44811.9
40724.6
44811.9
73670.6
71015.5
43118.9
39088.6
43118.9
71015.5
73670.6
44811.9
40724.6
44811.9
73670.6
96977.4
57499.3
52206.8
57499.3
96977.4
96977.4
57499.3
52206.8
57499.3
96977.4
73670.6
44811.9
40724.6
44811.9
73670.6
71015.5
43118.9
39088.6
43118.9
71015.5
73670.6
44811.9
40724.6
44811.9
73670.6
96977.4
57499.3
52206.8
57499.3
96977.4
148683
80013.5
74693
80013.5
148683
107789
62298.5
56745.4
62298.5
107789
103668
59789.8
55140.6
59789.8
103668
107789
62298.5
56745.4
62298.5
107789
148683
80013.5
74693
80013.5
148683
