2587.24
2266.46
2044.61
1965.94
1930.02
2409.05
2158.46
1989.92
1952.63
1811.83
2435.56
2136.11
2029.36
1995.89
1892.26
2290.74
2014.04
1910.88
1901.63
1781.55
2174.27
1788.17
1750.31
1682.82
1636.68
7135.87
6253.21
5636.06
5213.12
4973.69
6615.87
5989.13
5487.31
5078.09
4894.65
6205.89
5771.72
5398.09
5139.01
4954.49
5919.15
5523.39
5156.44
4933.52
4799.53
5990.93
5479.07
5072.89
4705
4571.43
12268.4
10966.1
9844.38
9049.02
8677.33
11889
10570.2
9501.99
8781.19
8448.13
11394.3
10277.6
9370.81
8735.5
8420.62
10959.9
9953.91
9111.86
8557.48
8247.86
10658.6
9893.15
9127.02
8452.54
8011.22
18192.4
16255.6
14571.6
13472.2
12759.4
17491
15591.5
13937
12821
12198.6
17161.2
15423.5
13856.2
12643.4
12008.7
16200.5
14985.6
13570.3
12516.4
11998.1
15480.1
14252.4
13338.6
12453.9
12027.6
2616.76
2252.83
2145.12
2026.22
1934.07
2336.64
2127.48
2029.8
1928.81
1825.27
2334.36
2170.43
2050.33
1951.1
1848.16
2381.73
2038.8
1926.74
1852.34
1766.32
2043.38
1880.64
1730.24
1667
1661.26
6872.52
6223.05
5620.05
5186.61
4943.13
6655.14
5964.18
5403.76
5121.61
4845.65
6292.8
5734.51
5332.85
5097.7
4903.87
6033.4
5514.12
5156.59
4938.93
4735.34
5964.77
5479.49
5025.89
4737.2
4503.2
12413.7
10918.5
9806.13
9070.58
8667.87
11795.1
10605.8
9515.71
8769.91
8426.06
11233.3
10298.7
9404.15
8700.35
8486.71
10984.7
9964.21
9126.13
8546.18
8246.72
10551.3
9774.79
9057.65
8504.08
8174.8
17956.8
16215.4
14515.2
13442.2
12761.2
17840.8
15620.7
14005.1
12806.9
12324.1
16929.1
15396.2
13796.6
12640.6
12237.5
16457.7
14932.6
13458.5
12551.6
11974
15525.8
14387.6
13371.3
12529.1
11934.8
2623.84
2290.66
2169.1
2054.51
1938.13
2388.98
2156.17
2005.39
1923.41
1790.21
2371.68
2116.28
2003.58
1915.9
1825.9
2300.48
2020.42
1903.78
1866.27
1701.03
2175.32
1870.86
1723.56
1696.06
1649.21
7110.69
6307.27
5679.95
5257.46
5070.97
6578.36
5940.14
5452.68
5117.31
4873.33
6164.91
5663.94
5309.63
5101.18
4922.38
5876.51
5505.58
5120.98
4932.85
4793.69
5846.37
5493.49
5055.59
4772.72
4545.28
12529.4
11020
9764
9108.09
8691.17
11792.9
10483.6
9486.93
8792.64
8391.89
11268
10201.7
9326.64
8713.33
8414.73
10789.5
9956.69
9202.81
8583.67
8345.65
10590.3
9749.41
9088.79
8485.41
8084.18
18003.2
16171.9
14558.3
13227.8
12942.2
17588.9
15572.8
13932.7
12815.2
12333.1
16943.2
15264.9
13775.4
12610.9
12017.8
16376.7
14882.4
13589.1
12554.6
12136.4
15316.6
14395.1
13335.1
12615.9
12028.1
2792.74
2370.42
2259.69
2118.86
1950.19
2489.18
2157.4
1984.23
1927.73
1805.37
2281.66
2089.21
1976.22
1874.86
1763
2204.7
2021.93
1889.34
1793.71
1730.48
2206.87
1900.12
1765.57
1683.26
1623.41
6971.7
6367.98
5794.1
5333.82
5097.56
6519.58
5885.84
5361.05
5071.03
4829.7
6139.39
5614.93
5255.41
5067.27
4960.44
5905.88
5454.39
5140.78
4950.6
4841.15
6033.3
5463.14
5154.63
4813.53
4656.29
12504.7
11065.2
9887.55
9103.89
8790.15
11495.8
10523.3
9493.69
8733.77
8405.99
11070.6
10204.5
9299.33
8725.27
8538.34
10671
9925.9
9217.62
8679.08
8419.75
10619.1
9801.32
9109.63
8557.4
8262.98
17924.2
16137.2
14534.5
13378.2
13235.8
17417.4
15624.2
13820.7
12809.2
12137.7
17054.6
14987.1
13674.1
12686.6
12315.7
16127.4
14678.5
13646.8
12729.7
12024.1
15518.2
14434.4
13488
12555
12371.8
