0.464174 -3.69258 -0.247307 -0.112465 -0.397301 
0.00536856 -2.33508 -0.0942328 -0.00370759 0.394314 
-0.0253696 -1.80906 -0.0361612 0.0374372 -0.0126848 
0.00536856 -2.33508 -0.0942328 -0.00370759 -0.388946 
0.464174 -3.69258 -0.247307 -0.112465 0.861474 
0.0834215 -2.36796 -0.0451146 0.120472 -0.116414 
-0.128409 -0.856047 0.0170535 -0.00887868 0.399716 
-0.064774 -0.274948 0.0396773 -0.0226909 -0.032387 
-0.128409 -0.856047 0.0170535 -0.00887868 -0.528125 
0.0834215 -2.36796 -0.0451146 0.120472 0.199836 
0.358662 -2.34884 -0.0919832 0.179331 -0.267252 
0.0904912 -0.90152 -0.093402 0.0452456 0.2878 
0.131665 -0.34519 -0.0949868 0.0658323 0.0658323 
0.0904912 -0.90152 -0.093402 0.0452456 -0.197309 
0.358662 -2.34884 -0.0919832 0.179331 0.625914 
0.0834215 -2.36796 -0.0451146 -0.0370509 -0.116414 
-0.128409 -0.856047 0.0170535 -0.11953 0.399716 
-0.064774 -0.274948 0.0396773 -0.0420831 -0.032387 
-0.128409 -0.856047 0.0170535 -0.11953 -0.528125 
0.0834215 -2.36796 -0.0451146 -0.0370509 0.199836 
0.464174 -3.69258 -0.247307 0.576638 -0.397301 
0.00536856 -2.33508 -0.0942328 0.00907614 0.394314 
-0.0253696 -1.80906 -0.0361612 -0.0628068 -0.0126848 
0.00536856 -2.33508 -0.0942328 0.00907614 -0.388946 
0.464174 -3.69258 -0.247307 0.576638 0.861474 
0.0583453 -1.79549 0.306651 -0.0214393 -0.205609 
-0.0216306 -0.135469 0.282365 0.0471895 0.4669 
0.0926215 0.500685 0.320246 0.0726993 0.0463107 
-0.0216306 -0.135469 0.282365 0.0471895 -0.488531 
0.0583453 -1.79549 0.306651 -0.0214393 0.263955 
-0.0628554 -0.454312 0.186974 0.0387486 -0.0577403 
0.0491509 1.31363 0.153351 -0.0591968 0.397411 
0.236009 1.98705 0.187591 -0.0610291 0.118005 
0.0491509 1.31363 0.153351 -0.0591968 -0.34826 
-0.0628554 -0.454312 0.186974 0.0387486 -0.00511504 
0.0646538 -0.6345 0.133047 0.0323269 -0.298631 
0.0454205 1.01921 0.0161624 0.0227102 0.155024 
0.181617 1.64944 0.0186716 0.0908083 0.0908083 
0.0454205 1.01921 0.0161624 0.0227102 -0.109604 
0.0646538 -0.6345 0.133047 0.0323269 0.363285 
-0.0628554 -0.454312 0.186974 -0.101604 -0.0577403 
0.0491509 1.31363 0.153351 0.108348 0.397411 
0.236009 1.98705 0.187591 0.297038 0.118005 
0.0491509 1.31363 0.153351 0.108348 -0.34826 
-0.0628554 -0.454312 0.186974 -0.101604 -0.00511504 
0.0583453 -1.79549 0.306651 0.0797845 -0.205609 
-0.0216306 -0.135469 0.282365 -0.0688201 0.4669 
0.0926215 0.500685 0.320246 0.0199222 0.0463107 
-0.0216306 -0.135469 0.282365 -0.0688201 -0.488531 
0.0583453 -1.79549 0.306651 0.0797845 0.263955 
0.0583453 -1.79549 -0.248306 -0.0214393 -0.205609 
-0.0216306 -0.135469 -0.303996 0.0471895 0.4669 
0.0926215 0.500685 -0.227625 0.0726993 0.0463107 
-0.0216306 -0.135469 -0.303996 0.0471895 -0.488531 
0.0583453 -1.79549 -0.248306 -0.0214393 0.263955 
-0.0628554 -0.454312 -0.24983 0.0387486 -0.0577403 
0.0491509 1.31363 -0.1042 -0.0591968 0.397411 
0.236009 1.98705 0.0484181 -0.0610291 0.118005 
0.0491509 1.31363 -0.1042 -0.0591968 -0.34826 
-0.0628554 -0.454312 -0.24983 0.0387486 -0.00511504 
0.0646538 -0.6345 -0.0683935 0.0323269 -0.298631 
0.0454205 1.01921 0.0292581 0.0227102 0.155024 
0.181617 1.64944 0.162945 0.0908083 0.0908083 
0.0454205 1.01921 0.0292581 0.0227102 -0.109604 
0.0646538 -0.6345 -0.0683935 0.0323269 0.363285 
-0.0628554 -0.454312 -0.24983 -0.101604 -0.0577403 
0.0491509 1.31363 -0.1042 0.108348 0.397411 
0.236009 1.98705 0.0484181 0.297038 0.118005 
0.0491509 1.31363 -0.1042 0.108348 -0.34826 
-0.0628554 -0.454312 -0.24983 -0.101604 -0.00511504 
0.0583453 -1.79549 -0.248306 0.0797845 -0.205609 
-0.0216306 -0.135469 -0.303996 -0.0688201 0.4669 
0.0926215 0.500685 -0.227625 0.0199222 0.0463107 
-0.0216306 -0.135469 -0.303996 -0.0688201 -0.488531 
0.0583453 -1.79549 -0.248306 0.0797845 0.263955 
0.464174 -3.69258 0.711481 -0.112465 -0.397301 
0.00536856 -2.33508 0.0996013 -0.00370759 0.394314 
-0.0253696 -1.80906 0.0107916 0.0374372 -0.0126848 
0.00536856 -2.33508 0.0996013 -0.00370759 -0.388946 
0.464174 -3.69258 0.711481 -0.112465 0.861474 
0.0834215 -2.36796 0.128536 0.120472 -0.116414 
-0.128409 -0.856047 -0.145463 -0.00887868 0.399716 
-0.064774 -0.274948 -0.104451 -0.0226909 -0.032387 
-0.128409 -0.856047 -0.145463 -0.00887868 -0.528125 
0.0834215 -2.36796 0.128536 0.120472 0.199836 
0.358662 -2.34884 0.450645 0.179331 -0.267252 
0.0904912 -0.90152 0.183893 0.0452456 0.2878 
0.131665 -0.34519 0.226651 0.0658323 0.0658323 
0.0904912 -0.90152 0.183893 0.0452456 -0.197309 
0.358662 -2.34884 0.450645 0.179331 0.625914 
0.0834215 -2.36796 0.128536 -0.0370509 -0.116414 
-0.128409 -0.856047 -0.145463 -0.11953 0.399716 
-0.064774 -0.274948 -0.104451 -0.0420831 -0.032387 
-0.128409 -0.856047 -0.145463 -0.11953 -0.528125 
0.0834215 -2.36796 0.128536 -0.0370509 0.199836 
0.464174 -3.69258 0.711481 0.576638 -0.397301 
0.00536856 -2.33508 0.0996013 0.00907614 0.394314 
-0.0253696 -1.80906 0.0107916 -0.0628068 -0.0126848 
0.00536856 -2.33508 0.0996013 0.00907614 -0.388946 
0.464174 -3.69258 0.711481 0.576638 0.861474 
0.391471 -2.29451 -0.248255 -0.112908 -0.399279 
-0.0692078 -1.49608 -0.0949882 -0.00400752 0.375288 
-0.100471 -1.16565 -0.0368416 0.0371926 -0.0502357 
-0.0692078 -1.49608 -0.0949882 -0.00400752 -0.444496 
0.391471 -2.29451 -0.248255 -0.112908 0.79075 
0.0092452 -1.50574 -0.0451773 0.102618 -0.117301 
-0.204231 -0.573672 0.0171949 -0.0271214 0.38089 
-0.141032 -0.194686 0.0398955 -0.0410361 -0.0705158 
-0.204231 -0.573672 0.0171949 -0.0271214 -0.585121 
0.0092452 -1.50574 -0.0451773 0.102618 0.126546 
0.284991 -1.45414 -0.0917094 0.142496 -0.267796 
0.0151755 -0.57124 -0.0929368 0.00758776 0.269216 
0.055912 -0.211231 -0.0944507 0.027956 0.027956 
0.0151755 -0.57124 -0.0929368 0.00758776 -0.254041 
0.284991 -1.45414 -0.0917094 0.142496 0.552787 
0.0092452 -1.50574 -0.0451773 -0.0933732 -0.117301 
-0.204231 -0.573672 0.0171949 -0.17711 0.38089 
-0.141032 -0.194686 0.0398955 -0.0999956 -0.0705158 
-0.204231 -0.573672 0.0171949 -0.17711 -0.585121 
0.0092452 -1.50574 -0.0451773 -0.0933732 0.126546 
0.391471 -2.29451 -0.248255 0.504379 -0.399279 
-0.0692078 -1.49608 -0.0949882 -0.0652003 0.375288 
-0.100471 -1.16565 -0.0368416 -0.137664 -0.0502357 
-0.0692078 -1.49608 -0.0949882 -0.0652003 -0.444496 
0.391471 -2.29451 -0.248255 0.504379 0.79075 
-0.0166014 -1.14502 0.281932 -0.0216229 -0.207189 
-0.0982044 -0.0998277 0.257147 0.0471387 0.447585 
0.0156217 0.321438 0.294901 0.0726989 0.00781083 
-0.0982044 -0.0998277 0.257147 0.0471387 -0.545789 
-0.0166014 -1.14502 0.281932 -0.0216229 0.190588 
-0.138862 -0.308548 0.162156 0.0206182 -0.0580772 
-0.0282785 0.832814 0.128075 -0.0776796 0.378429 
0.158234 1.28819 0.162204 -0.0796 0.0791169 
-0.0282785 0.832814 0.128075 -0.0776796 -0.406708 
-0.138862 -0.308548 0.162156 0.0206182 -0.0807851 
-0.0108279 -0.40493 0.10848 -0.00541397 -0.298578 
-0.031535 0.644955 -0.00889732 -0.0157675 0.136278 
0.104294 1.0656 -0.00651305 0.0521469 0.0521469 
-0.031535 0.644955 -0.00889732 -0.0157675 -0.167813 
-0.0108279 -0.40493 0.10848 -0.00541397 0.28775 
-0.138862 -0.308548 0.162156 -0.159481 -0.0580772 
-0.0282785 0.832814 0.128075 0.0494011 0.378429 
0.158234 1.28819 0.162204 0.237834 0.0791169 
-0.0282785 0.832814 0.128075 0.0494011 -0.406708 
-0.138862 -0.308548 0.162156 -0.159481 -0.0807851 
-0.0166014 -1.14502 0.281932 0.00502141 -0.207189 
-0.0982044 -0.0998277 0.257147 -0.145343 0.447585 
0.0156217 0.321438 0.294901 -0.0570772 0.00781083 
-0.0982044 -0.0998277 0.257147 -0.145343 -0.545789 
-0.0166014 -1.14502 0.281932 0.00502141 0.190588 
-0.0166014 -1.14502 -0.298534 -0.0216229 -0.207189 
-0.0982044 -0.0998277 -0.355351 0.0471387 0.447585 
0.0156217 0.321438 -0.27928 0.0726989 0.00781083 
-0.0982044 -0.0998277 -0.355351 0.0471387 -0.545789 
-0.0166014 -1.14502 -0.298534 -0.0216229 0.190588 
-0.138862 -0.308548 -0.301018 0.0206182 -0.0580772 
-0.0282785 0.832814 -0.156353 -0.0776796 0.378429 
0.158234 1.28819 -0.00397035 -0.0796 0.0791169 
-0.0282785 0.832814 -0.156353 -0.0776796 -0.406708 
-0.138862 -0.308548 -0.301018 0.0206182 -0.0807851 
-0.0108279 -0.40493 -0.119308 -0.00541397 -0.298578 
-0.031535 0.644955 -0.0226377 -0.0157675 0.136278 
0.104294 1.0656 0.110807 0.0521469 0.0521469 
-0.031535 0.644955 -0.0226377 -0.0157675 -0.167813 
-0.0108279 -0.40493 -0.119308 -0.00541397 0.28775 
-0.138862 -0.308548 -0.301018 -0.159481 -0.0580772 
-0.0282785 0.832814 -0.156353 0.0494011 0.378429 
0.158234 1.28819 -0.00397035 0.237834 0.0791169 
-0.0282785 0.832814 -0.156353 0.0494011 -0.406708 
-0.138862 -0.308548 -0.301018 -0.159481 -0.0807851 
-0.0166014 -1.14502 -0.298534 0.00502141 -0.207189 
-0.0982044 -0.0998277 -0.355351 -0.145343 0.447585 
0.0156217 0.321438 -0.27928 -0.0570772 0.00781083 
-0.0982044 -0.0998277 -0.355351 -0.145343 -0.545789 
-0.0166014 -1.14502 -0.298534 0.00502141 0.190588 
0.391471 -2.29451 0.639726 -0.112908 -0.399279 
-0.0692078 -1.49608 0.0257804 -0.00400752 0.375288 
-0.100471 -1.16565 -0.0636297 0.0371926 -0.0502357 
-0.0692078 -1.49608 0.0257804 -0.00400752 -0.444496 
0.391471 -2.29451 0.639726 -0.112908 0.79075 
0.0092452 -1.50574 0.0544225 0.102618 -0.117301 
-0.204231 -0.573672 -0.221426 -0.0271214 0.38089 
-0.141032 -0.194686 -0.180927 -0.0410361 -0.0705158 
-0.204231 -0.573672 -0.221426 -0.0271214 -0.585121 
0.0092452 -1.50574 0.0544225 0.102618 0.126546 
0.284991 -1.45414 0.376701 0.142496 -0.267796 
0.0151755 -0.57124 0.108112 0.00758776 0.269216 
0.055912 -0.211231 0.150363 0.027956 0.027956 
0.0151755 -0.57124 0.108112 0.00758776 -0.254041 
0.284991 -1.45414 0.376701 0.142496 0.552787 
0.0092452 -1.50574 0.0544225 -0.0933732 -0.117301 
-0.204231 -0.573672 -0.221426 -0.17711 0.38089 
-0.141032 -0.194686 -0.180927 -0.0999956 -0.0705158 
-0.204231 -0.573672 -0.221426 -0.17711 -0.585121 
0.0092452 -1.50574 0.0544225 -0.0933732 0.126546 
0.391471 -2.29451 0.639726 0.504379 -0.399279 
-0.0692078 -1.49608 0.0257804 -0.0652003 0.375288 
-0.100471 -1.16565 -0.0636297 -0.137664 -0.0502357 
-0.0692078 -1.49608 0.0257804 -0.0652003 -0.444496 
0.391471 -2.29451 0.639726 0.504379 0.79075 
0.319205 0.477104 -0.250281 -0.113944 -0.403232 
-0.144736 0.153121 -0.0968779 -0.0049313 0.354829 
-0.177054 0.0907753 -0.0386749 0.036314 -0.0885272 
-0.144736 0.153121 -0.0968779 -0.0049313 -0.499565 
0.319205 0.477104 -0.250281 -0.113944 0.722437 
-0.0658337 0.189942 -0.0458376 0.0849225 -0.119598 
-0.282484 -0.0422972 0.0168006 -0.0454807 0.360638 
-0.220299 -0.0692199 0.0396035 -0.0596024 -0.11015 
-0.282484 -0.0422972 0.0168006 -0.0454807 -0.643122 
-0.0658337 0.189942 -0.0458376 0.0849225 0.0537647 
0.210422 0.306561 -0.091684 0.105211 -0.269263 
-0.0625053 0.0561561 -0.092591 -0.0312527 0.249528 
-0.0227609 0.0218988 -0.0939838 -0.0113805 -0.0113805 
-0.0625053 0.0561561 -0.092591 -0.0312527 -0.312034 
0.210422 0.306561 -0.091684 0.105211 0.479684 
-0.0658337 0.189942 -0.0458376 -0.150756 -0.119598 
-0.282484 -0.0422972 0.0168006 -0.237003 0.360638 
-0.220299 -0.0692199 0.0396035 -0.160697 -0.11015 
-0.282484 -0.0422972 0.0168006 -0.237003 -0.643122 
-0.0658337 0.189942 -0.0458376 -0.150756 0.0537647 
0.319205 0.477104 -0.250281 0.43315 -0.403232 
-0.144736 0.153121 -0.0968779 -0.139805 0.354829 
-0.177054 0.0907753 -0.0386749 -0.213368 -0.0885272 
-0.144736 0.153121 -0.0968779 -0.139805 -0.499565 
0.319205 0.477104 -0.250281 0.43315 0.722437 
-0.0930359 0.125528 0.25642 -0.0223127 -0.210691 
-0.177936 -0.0638994 0.230601 0.0465879 0.42634 
-0.0651679 -0.0742183 0.268028 0.0722025 -0.032584 
-0.177936 -0.0638994 0.230601 0.0465879 -0.604276 
-0.0930359 0.125528 0.25642 -0.0223127 0.117656 
-0.217695 -0.0515762 0.136404 0.00237657 -0.059472 
-0.1103 -0.168543 0.101365 -0.0965644 0.357723 
0.0752024 -0.151127 0.135196 -0.0986828 0.0376012 
-0.1103 -0.168543 0.101365 -0.0965644 -0.468023 
-0.217695 -0.0515762 0.136404 0.00237657 -0.158223 
-0.0889393 0.0201992 0.08323 -0.0444697 -0.298936 
-0.112778 -0.142482 -0.0350702 -0.0563889 0.116287 
0.0220602 -0.142799 -0.0329726 0.0110301 0.0110301 
-0.112778 -0.142482 -0.0350702 -0.0563889 -0.229065 
-0.0889393 0.0201992 0.08323 -0.0444697 0.209997 
-0.217695 -0.0515762 0.136404 -0.220072 -0.059472 
-0.1103 -0.168543 0.101365 -0.0137352 0.357723 
0.0752024 -0.151127 0.135196 0.173885 0.0376012 
-0.1103 -0.168543 0.101365 -0.0137352 -0.468023 
-0.217695 -0.0515762 0.136404 -0.220072 -0.158223 
-0.0930359 0.125528 0.25642 -0.0707232 -0.210691 
-0.177936 -0.0638994 0.230601 -0.224524 0.42634 
-0.0651679 -0.0742183 0.268028 -0.13737 -0.032584 
-0.177936 -0.0638994 0.230601 -0.224524 -0.604276 
-0.0930359 0.125528 0.25642 -0.0707232 0.117656 
-0.0930359 0.125528 -0.349456 -0.0223127 -0.210691 
-0.177936 -0.0638994 -0.408537 0.0465879 0.42634 
-0.0651679 -0.0742183 -0.333196 0.0722025 -0.032584 
-0.177936 -0.0638994 -0.408537 0.0465879 -0.604276 
-0.0930359 0.125528 -0.349456 -0.0223127 0.117656 
-0.217695 -0.0515762 -0.3541 0.00237657 -0.059472 
-0.1103 -0.168543 -0.211665 -0.0965644 0.357723 
0.0752024 -0.151127 -0.0599937 -0.0986828 0.0376012 
-0.1103 -0.168543 -0.211665 -0.0965644 -0.468023 
-0.217695 -0.0515762 -0.3541 0.00237657 -0.158223 
-0.0889393 0.0201992 -0.172169 -0.0444697 -0.298936 
-0.112778 -0.142482 -0.0777076 -0.0563889 0.116287 
0.0220602 -0.142799 0.0550328 0.0110301 0.0110301 
-0.112778 -0.142482 -0.0777076 -0.0563889 -0.229065 
-0.0889393 0.0201992 -0.172169 -0.0444697 0.209997 
-0.217695 -0.0515762 -0.3541 -0.220072 -0.059472 
-0.1103 -0.168543 -0.211665 -0.0137352 0.357723 
0.0752024 -0.151127 -0.0599937 0.173885 0.0376012 
-0.1103 -0.168543 -0.211665 -0.0137352 -0.468023 
-0.217695 -0.0515762 -0.3541 -0.220072 -0.158223 
-0.0930359 0.125528 -0.349456 -0.0707232 -0.210691 
-0.177936 -0.0638994 -0.408537 -0.224524 0.42634 
-0.0651679 -0.0742183 -0.333196 -0.13737 -0.032584 
-0.177936 -0.0638994 -0.408537 -0.224524 -0.604276 
-0.0930359 0.125528 -0.349456 -0.0707232 0.117656 
0.319205 0.477104 0.569486 -0.113944 -0.403232 
-0.144736 0.153121 -0.0478579 -0.0049313 0.354829 
-0.177054 0.0907753 -0.13838 0.036314 -0.0885272 
-0.144736 0.153121 -0.0478579 -0.0049313 -0.499565 
0.319205 0.477104 0.569486 -0.113944 0.722437 
-0.0658337 0.189942 -0.019996 0.0849225 -0.119598 
-0.282484 -0.0422972 -0.299285 -0.0454807 0.360638 
-0.220299 -0.0692199 -0.259903 -0.0596024 -0.11015 
-0.282484 -0.0422972 -0.299285 -0.0454807 -0.643122 
-0.0658337 0.189942 -0.019996 0.0849225 0.0537647 
0.210422 0.306561 0.302106 0.105211 -0.269263 
-0.0625053 0.0561561 0.0300857 -0.0312527 0.249528 
-0.0227609 0.0218988 0.0712228 -0.0113805 -0.0113805 
-0.0625053 0.0561561 0.0300857 -0.0312527 -0.312034 
0.210422 0.306561 0.302106 0.105211 0.479684 
-0.0658337 0.189942 -0.019996 -0.150756 -0.119598 
-0.282484 -0.0422972 -0.299285 -0.237003 0.360638 
-0.220299 -0.0692199 -0.259903 -0.160697 -0.11015 
-0.282484 -0.0422972 -0.299285 -0.237003 -0.643122 
-0.0658337 0.189942 -0.019996 -0.150756 0.0537647 
0.319205 0.477104 0.569486 0.43315 -0.403232 
-0.144736 0.153121 -0.0478579 -0.139805 0.354829 
-0.177054 0.0907753 -0.13838 -0.213368 -0.0885272 
-0.144736 0.153121 -0.0478579 -0.139805 -0.499565 
0.319205 0.477104 0.569486 0.43315 0.722437 
0.467892 6.1706 -0.254812 -0.116594 -0.411047 
-0.000582592 3.60554 -0.102137 -0.00805648 0.384501 
-0.0350094 2.75869 -0.0441965 0.033017 -0.0175047 
-0.000582592 3.60554 -0.102137 -0.00805648 -0.385083 
0.467892 6.1706 -0.254812 -0.116594 0.878939 
0.0778073 3.73467 -0.0492854 0.121738 -0.126249 
-0.144665 1.17711 0.0133121 -0.00952578 0.389939 
-0.0850624 0.339231 0.0361134 -0.0240673 -0.0425312 
-0.144665 1.17711 0.0133121 -0.00952578 -0.534603 
0.0778073 3.73467 -0.0492854 0.121738 0.204056 
0.353066 3.98038 -0.0937221 0.176533 -0.273689 
0.0746882 1.46667 -0.0942434 0.0373441 0.28027 
0.111995 0.64475 -0.0954786 0.0559974 0.0559974 
0.0746882 1.46667 -0.0942434 0.0373441 -0.205582 
0.353066 3.98038 -0.0937221 0.176533 0.626755 
0.0778073 3.73467 -0.0492854 -0.0439302 -0.126249 
-0.144665 1.17711 0.0133121 -0.135139 0.389939 
-0.0850624 0.339231 0.0361134 -0.060995 -0.0425312 
-0.144665 1.17711 0.0133121 -0.135139 -0.534603 
0.0778073 3.73467 -0.0492854 -0.0439302 0.204056 
0.467892 6.1706 -0.254812 0.584486 -0.411047 
-0.000582592 3.60554 -0.102137 0.00747389 0.384501 
-0.0350094 2.75869 -0.0441965 -0.0680264 -0.0175047 
-0.000582592 3.60554 -0.102137 0.00747389 -0.385083 
0.467892 6.1706 -0.254812 0.584486 0.878939 
0.0486593 2.8214 0.301345 -0.0249694 -0.218999 
-0.0429482 0.16596 0.273337 0.0437018 0.453622 
0.0669038 -0.706698 0.309816 0.0692387 0.0334519 
-0.0429482 0.16596 0.273337 0.0437018 -0.49657 
0.0486593 2.8214 0.301345 -0.0249694 0.267658 
-0.0818652 0.619435 0.180695 0.0381363 -0.0651182 
0.0178434 -2.01137 0.143587 -0.0618322 0.385561 
0.200074 -2.8692 0.17652 -0.0644306 0.100037 
0.0178434 -2.01137 0.143587 -0.0618322 -0.367717 
-0.0818652 0.619435 0.180695 0.0381363 -0.0167471 
0.0470075 1.02657 0.128513 0.0235038 -0.301511 
0.0162296 -1.55829 0.00862764 0.00811479 0.146512 
0.148082 -2.39981 0.0100095 0.0740412 0.0740412 
0.0162296 -1.55829 0.00862764 0.00811479 -0.130283 
0.0470075 1.02657 0.128513 0.0235038 0.348518 
-0.0818652 0.619435 0.180695 -0.120002 -0.0651182 
0.0178434 -2.01137 0.143587 0.0796756 0.385561 
0.200074 -2.8692 0.17652 0.264505 0.100037 
0.0178434 -2.01137 0.143587 0.0796756 -0.367717 
-0.0818652 0.619435 0.180695 -0.120002 -0.0167471 
0.0486593 2.8214 0.301345 0.0736287 -0.218999 
-0.0429482 0.16596 0.273337 -0.0866499 0.453622 
0.0669038 -0.706698 0.309816 -0.00233486 0.0334519 
-0.0429482 0.16596 0.273337 -0.0866499 -0.49657 
0.0486593 2.8214 0.301345 0.0736287 0.267658 
0.0486593 2.8214 -0.252685 -0.0249694 -0.218999 
-0.0429482 0.16596 -0.316285 0.0437018 0.453622 
0.0669038 -0.706698 -0.242912 0.0692387 0.0334519 
-0.0429482 0.16596 -0.316285 0.0437018 -0.49657 
0.0486593 2.8214 -0.252685 -0.0249694 0.267658 
-0.0818652 0.619435 -0.26256 0.0381363 -0.0651182 
0.0178434 -2.01137 -0.125743 -0.0618322 0.385561 
0.200074 -2.8692 0.0235547 -0.0644306 0.100037 
0.0178434 -2.01137 -0.125743 -0.0618322 -0.367717 
-0.0818652 0.619435 -0.26256 0.0381363 -0.0167471 
0.0470075 1.02657 -0.0815058 0.0235038 -0.301511 
0.0162296 -1.55829 0.00760194 0.00811479 0.146512 
0.148082 -2.39981 0.138073 0.0740412 0.0740412 
0.0162296 -1.55829 0.00760194 0.00811479 -0.130283 
0.0470075 1.02657 -0.0815058 0.0235038 0.348518 
-0.0818652 0.619435 -0.26256 -0.120002 -0.0651182 
0.0178434 -2.01137 -0.125743 0.0796756 0.385561 
0.200074 -2.8692 0.0235547 0.264505 0.100037 
0.0178434 -2.01137 -0.125743 0.0796756 -0.367717 
-0.0818652 0.619435 -0.26256 -0.120002 -0.0167471 
0.0486593 2.8214 -0.252685 0.0736287 -0.218999 
-0.0429482 0.16596 -0.316285 -0.0866499 0.453622 
0.0669038 -0.706698 -0.242912 -0.00233486 0.0334519 
-0.0429482 0.16596 -0.316285 -0.0866499 -0.49657 
0.0486593 2.8214 -0.252685 0.0736287 0.267658 
0.467892 6.1706 0.722704 -0.116594 -0.411047 
-0.000582592 3.60554 0.101555 -0.00805648 0.384501 
-0.0350094 2.75869 0.00918711 0.033017 -0.0175047 
-0.000582592 3.60554 0.101555 -0.00805648 -0.385083 
0.467892 6.1706 0.722704 -0.116594 0.878939 
0.0778073 3.73467 0.127093 0.121738 -0.126249 
-0.144665 1.17711 -0.157977 -0.00952578 0.389939 
-0.0850624 0.339231 -0.121176 -0.0240673 -0.0425312 
-0.144665 1.17711 -0.157977 -0.00952578 -0.534603 
0.0778073 3.73467 0.127093 0.121738 0.204056 
0.353066 3.98038 0.446788 0.176533 -0.273689 
0.0746882 1.46667 0.168932 0.0373441 0.28027 
0.111995 0.64475 0.207474 0.0559974 0.0559974 
0.0746882 1.46667 0.168932 0.0373441 -0.205582 
0.353066 3.98038 0.446788 0.176533 0.626755 
0.0778073 3.73467 0.127093 -0.0439302 -0.126249 
-0.144665 1.17711 -0.157977 -0.135139 0.389939 
-0.0850624 0.339231 -0.121176 -0.060995 -0.0425312 
-0.144665 1.17711 -0.157977 -0.135139 -0.534603 
0.0778073 3.73467 0.127093 -0.0439302 0.204056 
0.467892 6.1706 0.722704 0.584486 -0.411047 
-0.000582592 3.60554 0.101555 0.00747389 0.384501 
-0.0350094 2.75869 0.00918711 -0.0680264 -0.0175047 
-0.000582592 3.60554 0.101555 0.00747389 -0.385083 
0.467892 6.1706 0.722704 0.584486 0.878939 
