6832.25
5989.82
10521.4
7312.27
5509.25
8838.22
10501.2
9828.55
5068
3059.4
8504.55
10256.4
1858.56
8243.79
6470.37
8945.47
3551.93
1881.86
5428.57
6435.85
1903.15
2406.15
5370.51
10472.1
4537.78
5557.14
8216.15
8284.86
5933.17
9247.07
7333.07
2638.79
4835.37
10380.1
9331.61
3454.13
9295.25
5431.49
4435.04
4102.21
7064.41
2404.96
6319.38
8977.1
7025.41
3395.45
6198.02
5449.66
7208.84
7118.05
3275.3
4962.33
4770.7
7513.06
2089.47
4065.86
4784.49
2966.4
3861.44
2043.74
8903.57
9721.32
2033.39
7338.38
8682.49
2164.42
2705.07
9395.83
2197.5
8426.21
5789.37
7547.35
9815.05
3692.38
2068.12
8255.74
6607.92
2507.2
8500.19
8140.66
9676.33
3572.31
9462.11
4427.04
2695.54
10542.5
1900.87
9455.27
4425.39
2611.93
3140.81
4305.35
10056.8
8254.26
5420.52
7669.8
3983.5
7362.58
7812.32
9849.24
4641.96
10376.4
9911.65
10033
8024.2
7363.85
1805.54
4532.11
9595.72
6866
7755.47
10524.2
4493.98
3503.56
8772.06
9071.84
2913.17
2580.2
7094.28
4274.34
8355.48
3535.04
9746.13
5628.67
6442.57
5572.19
9271.52
2467.18
8648.42
5785.79
8647.59
8980.01
6208.67
9088.79
9033.53
7568.06
6708
3822.3
3097.63
10329.9
2112.71
5055.54
5404.47
4556.16
2296.5
9145.99
4250.06
7952.81
7011.31
5801.24
6292.92
10046.7
6445.42
5968.58
6716.41
3823.17
10401.8
2035.38
7803.65
1907.69
2384.91
5109.04
10938.1
5666.83
7387.78
5049.38
8608.99
3854.72
6776.77
7058.25
2220.68
10210.9
7976.36
5968.04
6721.15
3300.71
2632.88
5167.26
8866.18
9483.67
6783.08
10262.9
6722.23
9832.67
4304.95
3306.44
7218.96
4244.03
2515.36
6524.14
5362.84
4157.72
9672.16
3156.3
2787.99
8419.64
5230.27
3294.09
3108.35
8017.06
2412.81
9584.86
2423.89
8466.71
5540.93
8430.11
3715.04
5089.01
5436.34
6951.75
2062.09
6699.33
6110.38
2918.23
7419.94
3012.75
4506.91
7334.86
9038.42
8662.44
7501.55
7718.81
6109.55
3892.9
5248.97
10110
1977
7564.34
2856.12
3660.78
3644.6
9179.99
5116.42
9749.05
2937.99
9528.76
6217.61
4247.07
3779.82
3734.73
1834.16
5206.59
2850.63
6075.63
3226.56
6658.63
10577.3
5188.41
6592.29
10415.4
2615.38
7145.46
4964.63
1744.75
8710.56
3974
3352.53
5880.15
9594.05
5648.8
8880.79
4118.43
7138.48
4865.51
7893.03
4447.82
9295.34
2077.47
6980.31
10053.2
7839.32
2916.68
2785.71
4147.75
2664.42
3026.01
8071.21
2181.13
10521.9
7841.08
2968.08
5318.93
2413
6706.03
1989.53
9759.73
9361.18
5862.21
7088.23
8408.8
4921.6
8591.4
6851.23
4208.53
10060.7
7725.33
3473.87
6299.55
3296.85
9562.07
9949.76
7730.53
5224.1
9977.27
4037.87
4260.95
5922.75
5736.64
9444.08
4497.99
10325.1
8271.65
9266.25
5036.17
3767.04
8553.59
6815.47
7741.74
6401.34
10566.2
9234.43
4743.43
6502.24
3688.81
8410.2
6903.56
8137.33
4677.22
2233.2
3711.49
2588.89
9132.59
7837.65
4976.45
3528.16
10299.7
8702.49
6017.25
2358.97
3999.79
7955.54
4751.28
3922.22
3174.41
9865.45
6179.52
7064.28
4898.59
8920.32
6190.97
3517.77
3345.72
4828.44
3758.23
1940.9
4076.15
2008.05
2278.5
5579.24
2812.55
7799.79
5524.61
4518.73
9629.35
8197.95
8673.88
9937.13
3727.22
5337.99
4652.03
10400.6
7200.32
6264.59
6496.77
7229.52
2384.97
10211
3540.23
7545.22
10478.8
10785
5861.61
8283.1
10056.4
7716.72
10294
9156.97
3396.81
5776.73
6418.59
9019.32
5716.6
4623.02
8370.18
3024.71
2175.45
4976.13
8082.19
2969.04
2239.3
