11485.2
6420.64
43643.6
14060.1
7122.36
8307.32
22167.8
20888.9
6765.98
8953.49
9245.59
16371.3
24351.5
25309
24195.4
15146.6
7815.77
24307.6
8386.97
9618.28
16090.1
17040.9
7198.54
17020.5
7444.98
9003.29
20843
6623.81
10005.7
8208.38
10442.5
16249.9
5735.47
34831.6
20130.6
11185.4
30816
13538.1
18011.7
5566
7556.81
9325.28
8778.84
6747.75
8547.42
6630.86
8699.57
19134.6
6427.79
17772.3
9997.72
10326.6
6822.43
12199.5
18436.6
6660.64
15134.8
7233.49
7935.89
32761.1
7814.34
13425.6
53614.6
7001.21
6838.21
17093.4
9900.94
20855.8
27202.9
6908.4
11276.9
7642.07
9651.51
15062.8
12512.4
25615.6
6311.98
19651.2
8486.43
8438.47
10426.4
16936.5
16215.8
17102.2
102212
23490.9
19675.4
9427.71
6426.74
11604.7
8273.95
7658.95
15086.5
6918.16
35997.2
10573
6218.76
6380.07
8643
16268
12516.3
30690.5
33400
28725.6
11589.8
7989.64
56984.3
8050.92
9849.13
16188.1
21887.5
28170.5
6660.93
9725.59
9439.14
10042.5
6714.18
7974.3
31573.4
36994.8
7640.04
15169.4
10138.1
5962.4
6444.25
24975.5
10740.9
10107.9
8161.21
5744.44
8205.61
14321.6
16535
12913.7
6902.47
16169.6
6294.73
6168.49
20076.1
15856.5
14462.1
15632.9
8673.85
6221.6
11123
8260.14
6314.63
9190.71
28700.3
24131.2
8771.17
12590.9
22191
6561.23
16604.4
7646.93
29056.4
37404.6
6904.77
49919
8804.09
7292.34
43324.1
9187.26
6165.23
6807.61
7629.25
9484.11
7166.66
5798.18
10695.8
29391.9
22582.7
10509.5
8005.27
9231.31
41165.9
9330.06
9628.76
13364.8
6938.24
45624.5
5667.81
46609.2
9638.87
8833.51
13164.1
17208.7
14302.1
6554.58
6093.19
6936.25
64578.8
8060.38
8937.76
11993
5541.11
20664.8
10107.8
40212.6
10205.7
16069.2
17580.3
8301.81
9797.34
25648.2
17483.1
7013.45
17368.5
7551.78
22967.4
18578.5
16951.6
10985.3
20245.7
8500.65
27035.7
13068.9
6475.45
6397.79
15157.1
6842.22
7560.71
6084.07
11952.2
17076.8
35488.7
7607.04
8008.83
12878.8
35112.2
7748.33
7690.37
12124
20697.9
9043.8
5837.65
6406.23
13103.5
6932.57
23950.1
5657.86
19389.1
13093.9
12734.6
7244.51
20190.3
30828
6531.62
103576
7951.11
6841.47
6877.55
19690.1
13220.9
5797.35
7818.32
7302.62
11351.1
7104.65
6418.86
8359.85
15140.3
7892.47
9168.04
8354.35
9991.03
15238.4
6285.89
45860
9702.3
10429.7
9725.52
9970.84
9677.26
48844.7
10772.5
30878.8
24838.4
5708.42
35762.3
5488.14
12989.3
7460.2
16350.2
13871.3
8441.48
23108.1
9482.15
13549
18541.9
8371.86
6056.52
11338.4
14781.6
5962.84
25595.8
6087.53
15928.6
9960.4
37470.7
7101.2
10308.4
12133.6
20248.1
11259
9261.47
6740.41
19287.7
5790.54
16647.9
10011.4
7600.54
12782.1
7876.86
7176.02
6054.54
9810.38
9037.46
26384.6
14966.1
8641.85
5420.23
69893.1
11393.5
9334.11
19230
6265.96
13491.6
6223.4
10865
9327.46
20384.2
6217.21
8442.32
79748.8
8970.67
10108.1
15325.7
9531.01
8297.75
13289.9
15252.7
11465
10477.2
14110.5
8108.78
8680.9
10561.9
6345.44
14290.4
13191.6
12872.8
15123.1
125642
7089.73
25796.4
11602.3
6470.93
31116
6305.32
6361.03
8284.87
9600.18
6206.67
8117.92
24152.8
10038.8
27477.5
8502.55
16966.6
21673.2
6537.24
11130.6
33744.2
35111.5
39080.1
10431.2
17872.3
52399
52492.6
9492.28
7725.64
13266.6
17523.2
18408.1
9013.25
8629.11
11541.2
33721
12658.3
5630.98
7755.37
10688.9
7226.14
36233.1
21499.7
6952.6
14763.6
25329.2
