-0.127664 -5.12281 -0.123476 -0.155447 0.0184569 
0.292326 -13.3558 0.168076 0.0946847 -0.0502221 
0.437704 11.0364 0.605372 -0.234833 0.301614 
0.0864067 14.4692 -0.0650827 -0.0184487 0.00897161 
0.0154726 -7.83983 0.0160514 0.110892 0.0455401 
-0.368497 6.37406 -0.425977 0.0816447 0.000973288 
0.050546 -13.42 0.133443 -0.0437103 0.125648 
-0.0764783 -22.781 -0.0497156 -0.056401 0.0894721 
-0.0917623 13.1965 -0.0144075 0.0063935 -0.0144548 
-0.340264 -0.228966 0.0331892 0.0607365 -0.347115 
-0.193476 -13.626 -0.302167 -0.0133461 0.0600664 
-0.0043261 9.1255 0.020398 0.0612307 0.0841868 
0.180389 16.6544 -0.17648 0.0351579 0.206637 
0.0735661 -17.0852 -0.146572 -0.121534 -0.0331694 
0.182163 1.92936 0.0596755 0.146721 0.239165 
-0.0730074 -8.99515 -0.185279 -0.0668099 -0.117692 
-0.206909 -7.40046 -0.00884117 0.0245375 -0.0713469 
0.133992 17.596 -0.145673 0.156056 0.0965127 
-0.125985 8.12232 -0.0117701 -0.155849 -0.0812946 
-0.0124925 16.6301 -0.043418 -0.14799 0.0183654 
0.0348302 0.908998 -0.0268377 0.0677841 -0.0678309 
-0.0332444 20.1187 0.00668901 0.090503 -0.0253461 
0.193727 16.7717 0.0386169 0.188362 0.0880086 
0.0614082 10.7639 0.110817 0.131139 -0.0154832 
-0.0574205 14.7102 0.0111729 -0.0370499 -0.0161824 
-0.203439 20.0394 -0.025792 0.0687934 0.00654314 
0.125412 10.6528 -0.0536554 0.0619948 0.127126 
0.0709884 12.7692 0.0792217 -0.000147113 -0.0476789 
0.00759681 9.57829 -0.0169216 0.167757 -0.0513331 
-0.134444 -13.3935 -0.115981 -0.159804 -0.0778045 
0.0167818 -1.29126 -0.11311 -0.0461472 -0.0701344 
-0.124889 -13.2105 0.0297124 -0.0491931 -0.221645 
0.196069 9.60216 0.0304261 0.0435364 0.129942 
0.403141 -11.0132 0.605294 -0.217661 -0.0390379 
0.103716 -12.7355 0.0600902 0.255399 0.0441913 
-0.228876 6.55198 0.0595765 -0.265596 0.0067969 
0.174251 5.50847 0.24493 -0.193328 0.255597 
0.103279 -20.9693 0.115469 0.000246227 0.0241968 
0.0869612 -17.6029 0.0738425 -0.048483 -0.047667 
0.110329 2.76089 -0.0251609 0.0657284 0.14556 
-0.193247 0.771993 -0.191569 0.019859 -0.153593 
0.013529 -11.642 -0.0325344 0.0738284 0.0354489 
0.0513529 -4.48874 0.0335025 0.124114 0.0254653 
-0.0226831 7.16301 -0.0159003 -0.0647445 -0.0499299 
-0.0318848 -11.5494 -0.0525502 0.0066063 0.0105819 
-0.0711302 2.10941 -0.0619706 -0.0881372 -0.0408505 
0.0690936 10.773 0.0285091 -0.0181202 0.0412376 
0.0134897 5.02964 0.110523 0.0370523 -0.011101 
0.108745 -9.75701 0.106806 -0.0207056 -0.0254443 
-0.0138051 17.1544 -0.124841 -0.161563 -0.00965821 
-0.285572 -16.5272 0.0693569 -0.28541 0.0401781 
-0.210855 -1.00226 0.0213267 -0.259942 -0.214006 
-0.217861 -0.679629 0.0357307 0.0667059 -0.0360277 
-0.104079 -10.12 -0.215494 0.114656 0.0913515 
0.102983 -4.95758 -0.0747053 0.112664 0.0603031 
0.0116776 -9.17247 0.0328559 -0.0280617 0.0832568 
0.0521723 -14.2746 0.165225 0.111258 0.0597921 
-0.194272 -4.14498 0.0842045 -0.0855065 -0.205236 
-0.288996 5.98907 0.0682501 0.0463414 -0.00441939 
0.35888 -6.72767 -0.172832 0.151882 -0.0778117 
-0.107587 -14.2848 -0.109077 -0.091488 -0.0463418 
-0.2527 10.1152 -0.286421 -0.13622 -0.309298 
0.557107 -18.8241 -0.335072 0.0842212 -0.174023 
-0.140039 -10.4593 -0.116412 0.0105769 -0.0793879 
0.129828 12.7033 0.172208 0.0755998 0.0795539 
-0.118456 -14.7858 -0.0510405 0.0795126 -0.205054 
-0.1735 0.694964 0.121565 -0.176021 -0.218047 
0.148179 -7.04656 0.154582 0.313075 0.163081 
0.188637 -6.28966 -0.0940784 0.409865 0.0505406 
0.197419 -16.1396 0.235938 0.0999708 0.067769 
-0.0554956 -3.20526 0.0210606 -0.00371719 0.0407504 
-0.134216 -13.4179 -0.148551 0.0155017 -0.0609762 
0.0604568 -0.528006 0.104868 0.0118979 0.0121116 
-0.173496 1.05708 0.0788347 0.137929 -0.14702 
-0.0472457 -5.91344 0.030823 0.0074536 -0.146644 
0.115297 19.2535 -0.0432122 0.253772 0.0267365 
0.0397622 5.94156 0.0175873 0.0565209 -0.0373519 
-0.0310394 1.96159 -0.0924558 0.00466437 0.0643801 
-0.187471 18.4513 -0.192892 0.0347705 -0.0884564 
-0.198886 -7.59414 -0.224744 -0.201494 -0.135777 
-0.0582572 10.0794 -0.0463318 0.106876 -0.0425012 
-0.244288 20.2861 0.0578262 -0.0367325 -0.308647 
-0.249155 0.145151 -0.28989 0.0129555 -0.317737 
0.0127442 19.5302 0.101043 -0.0757073 -0.0283958 
0.876697 4.45268 -0.155643 1.38355 -0.176018 
0.234074 -1.51258 0.325506 0.0150762 0.11354 
0.062415 3.33175 -0.0520972 0.104262 0.136466 
-0.251265 13.5739 -0.262203 -0.330151 -0.0165253 
-0.00808711 3.74093 -0.030509 -0.00673614 0.0173688 
-0.299474 19.0453 0.087514 -0.415599 -0.346034 
-0.23679 -8.10094 -0.000774458 -0.294312 -0.198542 
-0.128763 -7.03128 0.0455993 -0.207898 -0.0711268 
-0.181784 -14.8235 -0.154552 -0.285385 -0.242096 
-0.186622 -1.49306 -0.185718 0.0175942 -0.0941749 
0.379718 10.3071 0.121667 -0.156761 -0.0895864 
-0.069721 0.376204 -0.101302 -0.00985918 0.00196398 
0.160557 10.6053 -0.0530384 0.105669 0.0838769 
0.207385 -5.84704 0.145338 0.0674487 -0.06959 
-0.148144 3.13067 -0.227182 -0.236132 -0.192318 
-0.0646585 14.0967 -0.10299 -0.0252971 0.089994 
-0.0725005 4.26708 0.0700158 -0.0171108 0.0615144 
0.215587 -13.4536 0.404332 0.137078 -0.0482469 
0.265449 -4.7011 0.355611 0.0845762 -0.164401 
0.269673 -1.54569 0.218624 -0.143389 0.161366 
-0.112229 14.6944 -0.191498 -0.16049 -0.106673 
-0.099956 5.42943 -0.115831 -0.0414201 -0.0664804 
0.600429 10.8305 -0.332649 0.342837 -0.165401 
-0.253349 -12.109 0.0385124 0.0733111 0.00810657 
-0.204195 7.66073 -0.261873 -0.0460107 0.0684028 
0.173228 -0.410996 0.0691432 -0.103301 0.0794575 
0.0784099 15.9411 -0.0756502 -0.101601 0.109308 
0.217434 3.87098 0.406464 0.0432721 0.114407 
0.0771824 10.6888 -0.0315685 0.0700476 0.0482083 
-0.219068 1.16496 0.0950105 -0.224324 0.0349482 
-0.171523 8.75322 -0.20654 -0.0244794 -0.134456 
-0.313485 0.633427 -0.366067 -0.351195 0.026151 
0.0262352 8.0645 -0.049247 0.0594115 0.0337019 
-0.062616 -0.810668 -0.0188994 -0.0140116 0.0119968 
0.323088 -0.301139 0.152943 0.544191 0.407304 
0.418903 6.4961 0.096238 -0.088961 -0.256376 
-0.262756 -7.48537 -0.296413 0.046841 -0.0368461 
-0.0289755 -15.2505 0.0752164 0.0208858 -0.0793455 
-0.152597 8.36625 -0.165616 -0.206558 0.0261878 
0.0844738 -11.4171 0.0303253 0.0197717 0.150933 
0.166569 2.96979 0.0689527 0.0704698 0.260934 
0.199846 -16.6921 0.0852426 0.0636242 -0.0605255 
-0.239246 18.3209 -0.261226 -0.268613 -0.2467 
0.00171268 13.8617 -0.0450087 0.090265 0.019495 
-0.28829 9.74006 -0.34826 -0.29783 -0.298959 
0.167639 -5.95856 0.113356 0.0131319 -0.0389014 
-0.271402 -9.28405 -0.293873 0.0149704 -0.213183 
-0.166734 -17.2682 -0.216562 -0.128756 0.0214102 
0.130453 -10.0001 0.0497518 -0.0397714 0.0206958 
-0.255946 -9.71767 -0.284467 -0.0373598 -0.270241 
-0.0115371 10.9579 0.0302354 -0.0379628 0.00482967 
0.0713415 -17.5225 -0.0582077 -0.0398598 0.0742913 
0.100842 -6.65673 0.0717595 0.0472368 -0.0839424 
-0.0283647 -7.99939 -0.0202624 0.0397774 0.0513404 
0.168365 2.38854 0.0440234 0.268309 0.0596798 
0.0587664 -9.66541 0.10352 -0.064265 -0.00091161 
0.0695594 -13.6151 -0.0335226 -0.0244985 0.0863636 
-0.0130355 7.96523 0.0675772 0.225147 -0.0687869 
-0.097778 -5.60894 0.0039268 -0.0304194 -0.0857863 
-0.0337491 -3.89187 0.0226368 0.0191233 -0.0776284 
-0.0468473 -12.5284 0.0419414 -0.0706036 -0.112063 
-0.240248 4.95738 -0.250035 -0.274823 -0.0365865 
0.0238408 5.66376 0.0434642 0.00448102 0.0976498 
-0.320214 -1.75918 -0.379708 0.0845326 0.0428611 
0.199091 4.67906 0.0779345 0.374474 0.0475824 
0.282016 14.972 0.135739 0.0935105 -0.0148217 
-0.186325 3.94753 -0.150408 0.163419 -0.239904 
-0.0315386 14.917 -0.00403085 -0.112611 -0.031345 
0.22031 -5.7437 0.102601 0.337995 0.11009 
0.186052 17.0487 0.0740145 0.0509083 0.238726 
-0.0432906 -19.2135 -0.112977 0.223992 -0.101142 
-0.120885 -15.0935 -0.0329425 -0.138574 -0.0626364 
0.126279 -7.72713 0.241449 0.0587715 0.17505 
0.165272 -4.07438 -0.207572 0.135202 0.176726 
0.0522535 -11.4749 0.00778632 0.013579 0.143518 
0.585707 -11.0071 -0.33195 0.584984 0.904611 
0.0898166 -6.02453 -0.0364708 0.0677101 0.0529031 
-0.0525804 -9.88444 0.0679561 0.0562437 -0.0294798 
0.47467 4.57987 0.691747 -0.192807 0.210747 
-0.146496 8.2878 -0.00909535 0.0297893 0.0158777 
0.359416 11.7955 0.288788 0.210912 0.207174 
0.133171 12.4523 0.0635459 0.0531412 0.215954 
-0.120497 -13.1029 -0.132876 0.0242615 -0.0519737 
-0.260317 -12.9615 0.0784634 0.0666603 0.00944726 
-0.149339 -2.45507 -0.128037 -0.250741 -0.132489 
0.361518 5.92191 0.258464 0.213571 0.0631841 
-0.0938518 4.01586 0.0374111 0.0193002 -0.167007 
0.33987 10.3319 0.484173 0.484634 0.252722 
0.169317 -4.19124 0.0443115 0.304956 0.264965 
-0.142688 -14.0262 -0.0486814 -0.180672 -0.141192 
0.0522193 -14.8811 0.0225895 0.120241 0.0335954 
-0.178852 19.1241 -0.0183423 -0.216597 -0.121658 
0.329858 -5.5947 -0.119645 0.0508821 0.61435 
-0.204958 -9.06833 0.0092161 -0.268794 -0.0144075 
-0.332689 9.19275 -0.389832 -0.4363 -0.00280121 
-0.0731149 -10.53 -0.137677 -0.00817371 0.00643623 
-0.0615101 -3.94841 -0.0645485 -0.0301913 -0.0195519 
0.546267 -2.8195 0.838391 0.699219 0.702566 
0.345211 6.2559 0.229853 0.0792593 0.19981 
0.413466 1.28972 0.491002 0.62589 -0.203503 
-0.170658 -6.49903 0.0476755 0.0126639 0.0253914 
-0.242722 -14.1469 -0.0265092 -0.271692 -0.0468308 
-0.21867 -13.4503 -0.271848 0.0429602 0.0675435 
-0.0602406 3.57241 0.20132 -0.237531 -0.0915036 
-0.142728 3.99415 0.0149199 -0.0819053 -0.214639 
0.013137 -10.2188 -0.0331362 0.0711817 0.097699 
0.0351098 6.00252 0.0130465 0.0843662 0.121839 
-0.206565 1.89242 0.0332075 0.0382684 -0.0753346 
0.627581 7.33685 0.600783 -0.413079 -0.292508 
-0.158216 15.7846 -0.0115651 0.035349 -0.0962371 
-0.263081 -4.87906 0.0632779 -0.150261 0.0566229 
-0.293007 -15.4469 -0.338143 0.0363054 -0.320987 
0.397671 0.158111 0.0930386 0.211031 0.275526 
0.0547128 2.0224 0.0621502 0.117016 0.127024 
-0.298369 15.5245 -0.00859866 -0.337112 -0.012645 
0.470974 7.03492 0.339235 -0.252907 0.661519 
-0.153898 5.81956 0.0182538 -0.0548351 0.0507713 
-0.125124 -4.37067 -0.147482 0.111261 -0.0288296 
0.00984187 11.325 -0.0599594 0.0532491 -0.00176911 
-0.308445 11.7316 -0.352716 -0.359856 -0.31086 
0.00536073 13.9476 0.0770969 0.0935103 0.0655996 
0.0328862 9.09644 -0.0834865 0.183261 0.0759448 
0.094466 -14.1663 0.0987096 0.154799 0.0933409 
-0.0638881 -13.9559 0.04397 0.0258171 -0.0882266 
0.105597 -14.7001 0.120809 -0.0291428 -0.000457027 
-0.127896 0.50166 -0.132345 0.0733322 0.0159306 
0.103269 -13.9979 -0.0777504 -0.0481362 0.00256759 
0.198488 9.18691 0.0654021 0.0229467 0.173194 
-0.0108365 -0.829659 0.013272 0.0280893 -0.0703308 
-0.0887383 -10.6093 -0.0281581 -0.132179 -0.0339463 
0.0485919 -7.2916 -0.0381405 -0.135961 -0.0240204 
-0.0815864 -16.2634 -0.00598823 -0.125232 -0.0588626 
0.168801 -8.90904 0.175388 0.156942 -0.142925 
-0.113187 11.7884 -0.181218 0.113434 -0.153365 
-0.00445889 -6.96589 0.0280528 -0.0571246 -0.0378849 
0.152366 -7.2413 0.200472 0.0778182 0.0300876 
0.0861149 -11.6554 -0.0147799 -0.0910524 0.0431137 
0.0160632 8.57557 -0.0418112 -0.00705104 0.102405 
-0.0245578 1.85193 0.0288247 -0.0352441 -0.0285955 
-0.0134478 3.83961 -0.029873 0.0354768 -0.0349607 
0.0226545 -11.5085 0.120033 -0.132821 -0.0453925 
-0.178002 9.36928 -0.132664 -0.334711 0.0669451 
0.424338 -1.44516 -0.251566 0.685026 0.481155 
-0.0526104 12.7085 -0.0797511 -0.130942 -0.074462 
-0.0529419 -15.5605 -0.0442831 0.0601972 -0.0133443 
-0.0998819 -13.5951 0.022716 -0.0417526 0.0208496 
0.233333 -7.21246 0.0964638 -0.139014 0.402551 
-0.146094 -5.14451 -0.176951 -0.00596931 -0.024723 
-0.0362214 -9.6756 0.032384 -0.0531141 -0.011535 
-0.268556 -9.91772 -0.267234 -0.327748 -0.321399 
-0.00547671 7.95826 0.0558006 0.148576 0.0769386 
0.0110554 -1.50471 0.0456075 0.0931214 -0.0215822 
0.308184 -2.3091 0.143887 0.265902 0.161237 
0.120016 14.7009 -0.0222284 0.0497977 0.0975327 
-0.0860613 -18.0515 0.161217 -0.0263241 -0.128262 
-0.126188 -0.791391 0.0788799 -0.125423 -0.0975963 
0.198817 -5.59865 -0.108502 -0.00169798 0.177346 
0.169963 0.135928 0.0836443 0.051329 -0.0514316 
0.14747 9.99849 0.00435057 0.215664 0.0548445 
0.0683417 1.23585 0.0404369 0.132122 0.0329256 
-0.314211 4.60971 0.136358 -0.394975 -0.324253 
-0.0440498 8.82861 -0.0483801 -0.117943 -0.0704441 
0.150274 3.69038 0.223039 -0.0150226 0.107956 
0.217437 -0.474428 0.206247 -0.206208 0.176287 
0.401103 -15.6342 0.251066 0.1295 0.253396 
0.941579 11.7528 1.3554 1.34167 -0.182261 
0.0221497 -11.1637 -0.0293841 0.0577096 0.0186828 
0.038908 12.0362 0.017235 0.0860497 0.000302824 
0.00955939 -3.82572 0.0360427 -0.0433034 -0.0786073 
0.272889 14.9548 -0.0421241 0.15568 0.169286 
-0.185918 -4.26839 -0.313835 0.113705 0.059074 
0.12753 7.41377 -0.0408918 0.0792957 0.0456045 
-0.254463 1.06217 -0.00943484 -0.263398 -0.0412254 
-0.0455941 -1.7033 -0.0406359 0.131418 -0.0353048 
-0.23547 -8.90644 -0.263746 -0.16008 -0.260337 
0.178046 17.478 0.061907 0.109262 0.270372 
-0.0288882 -0.670077 0.00392793 -0.0515866 0.0128261 
-0.210399 -12.8521 0.00176051 -0.00386076 -0.142644 
0.0131129 -20.7693 -0.0562074 -0.052882 0.024791 
-0.10558 12.5317 -0.00980113 -0.124267 -0.0737319 
-0.152696 -11.3258 -0.249414 0.0247647 -0.175579 
-0.0774947 -4.45826 0.0435715 -0.0333208 -0.0295176 
-0.253284 15.488 -0.28528 -0.280152 -0.263041 
-0.121331 -16.1719 -0.0090445 -0.261665 -0.214407 
0.0827128 -8.0027 0.0487388 0.123515 0.0190388 
0.41736 -8.03381 0.631641 0.271028 0.611472 
-0.300362 3.85619 -0.334663 0.0268855 -0.323669 
-0.255158 16.1877 -0.00388363 0.0449306 -0.0227971 
-0.251857 -2.25782 0.0400546 0.00953628 0.0315616 
-0.0777297 3.42475 0.0471082 -0.0352964 -0.0238347 
-0.137886 17.4789 0.055548 -0.156384 -0.16181 
0.574298 0.656469 -0.127399 -0.3655 0.0853299 
-0.151998 14.1204 -0.276372 -0.0185766 -0.22407 
0.110048 -8.89443 -0.088812 -0.0118224 -0.0489669 
0.10103 -12.2082 0.215431 0.135017 -0.00846229 
0.24421 1.75948 0.227007 0.152899 0.193906 
0.307883 -10.3757 -0.0095441 -0.171459 0.174051 
0.155396 -6.85524 0.0533877 0.00628161 0.153318 
-0.130518 12.9404 0.0214011 -0.0622761 0.0731233 
-0.0520205 -10.9453 -0.0599417 -0.130134 0.0208544 
0.103694 -5.10649 -0.0434277 -0.0262269 0.103129 
-0.0681266 1.08607 -0.073727 -0.0771224 0.012292 
-0.154478 4.35353 -0.160903 0.0233251 -0.12445 
0.19535 12.3789 0.100914 0.215795 0.0207171 
-0.17612 -8.69407 -0.175667 -0.22746 -0.198789 
-0.265574 -16.2492 -0.36276 -0.35169 -0.0061972 
-0.076396 15.8917 0.0975202 -0.0489287 -0.152696 
-0.270382 -3.93532 -0.318049 0.0280062 -0.236538 
0.353398 -9.28038 0.230582 0.241509 0.0858403 
-0.324009 -17.0691 0.0343218 0.0537794 -0.358237 
-0.209085 -15.5954 -0.201761 0.171315 0.0469365 
0.211087 5.14944 0.199726 0.0643516 -0.0364194 
0.22413 16.8008 0.00224043 -0.199361 0.0510777 
0.111857 11.1549 0.0411432 0.0375975 0.18077 
-0.0390888 8.4543 -0.0129745 0.000239743 -0.0729694 
-0.153837 14.6194 -0.149239 -0.176742 -0.133221 
0.329514 5.65275 0.462622 0.0125952 -0.241853 
0.040171 -8.78164 -0.0155444 -0.0171906 -0.0591088 
-0.0650303 -16.1123 0.0609418 -0.0110373 -0.00126963 
-0.215232 3.59406 -0.227042 0.150362 0.0098066 
0.158024 2.15417 0.15064 0.243095 0.126167 
-0.236055 -14.5322 0.0478457 -0.263783 -0.231297 
-0.134008 16.6687 -0.0242413 -0.274045 -0.162323 
0.155587 9.15105 0.0973656 0.0667467 -0.0811383 
-0.0451182 10.8814 -0.093721 0.061928 0.077933 
-0.0314721 2.27116 -0.00927731 -0.0077245 0.032191 
0.00914363 16.8474 0.0444321 0.135459 -0.0562294 
-0.275136 -8.37919 -0.339378 -0.308587 0.0163069 
-0.0440432 -2.52584 -0.0240134 0.0324083 -0.0233786 
0.0705239 -3.5797 0.152311 0.0720342 0.0734664 
-0.176929 11.2019 0.00891433 -0.231949 -0.115126 
-0.1309 -10.5961 -0.120873 -0.126864 -0.0551028 
0.0950828 5.29085 0.0759012 0.036119 -0.0894377 
-0.122133 10.1746 -0.143071 -0.0870721 -0.0121091 
-0.0117581 16.968 0.0162723 -0.0444553 -0.024486 
0.145542 -1.89482 0.379433 0.129867 -0.00251889 
-0.126026 9.75546 -0.226638 -0.227045 0.0202612 
-0.240125 -2.6162 0.0271742 -0.310738 -0.00723132 
0.347472 -0.190516 0.202832 0.0931791 0.269226 
0.480852 10.4741 0.291152 0.869208 0.721229 
-0.122209 -4.91997 -0.208309 -0.0342889 -0.0046206 
-0.174181 -13.0336 -0.147488 -0.219749 -0.00436804 
0.0923304 -8.47474 -0.126497 0.101381 0.0557536 
0.0641017 -5.22163 0.0487563 0.0564002 -0.0902493 
0.0828372 15.2235 -0.0376322 -0.0328638 0.0411212 
0.0943751 -9.45395 -0.0646785 0.0619126 0.0385042 
-0.18955 2.98521 0.00595056 -0.289285 -0.214161 
-0.307655 -16.7687 -0.337289 -0.353581 -0.312214 
-0.0990058 4.11968 -0.252722 -0.0678296 0.0763818 
0.359388 -11.6907 0.0552637 0.214523 0.190926 
-0.22648 13.6657 0.00168897 -0.261631 -0.177445 
0.580543 -10.8011 0.91036 -0.00453089 0.871748 
-0.182075 11.9956 -0.292676 -0.141212 0.0520268 
-0.168013 13.8295 -0.0635638 -0.225295 -0.171195 
-0.0487906 2.41462 -0.0434607 0.0623656 -0.0828505 
-0.20257 -16.9184 0.0745354 0.0749072 -0.211194 
-0.233784 10.1852 -0.254625 0.0060616 -0.177445 
0.0680446 9.14546 0.0994481 0.127734 0.0450682 
-0.149661 6.08134 0.0895584 -0.136583 0.0409843 
-0.271781 -6.33432 0.0231391 -0.308402 0.0274385 
0.0109823 -1.35628 0.0258853 0.0640137 0.00364235 
-0.095235 16.9753 -0.0859525 0.0585386 0.0617242 
-0.213608 14.1699 -0.186941 0.0562944 -0.0187115 
-0.0275915 1.50187 0.105549 -0.131698 -0.0598517 
-0.211587 4.24767 -0.294367 0.00312766 0.00856182 
0.469382 -13.2273 0.238286 0.244989 0.193634 
-0.273233 13.209 0.164446 -0.409343 -0.290574 
-0.149679 12.7011 0.0746049 -0.18679 -0.00316447 
-0.212252 6.42137 0.0384106 -0.000311765 -0.28835 
-0.15768 -8.13686 0.0604162 -0.0483868 -0.185957 
0.995307 -4.73474 -0.475815 -0.490614 1.04361 
-0.144222 -3.14883 -0.0338539 -0.156071 -0.0713671 
0.190948 13.6709 -0.16651 0.332781 0.088287 
-0.122645 -9.5585 0.027365 0.0497681 -0.178136 
0.0565112 0.0681884 0.0192782 0.0614901 0.0998929 
0.225366 -12.623 -0.0484769 0.241109 -0.167454 
0.0524446 6.68865 0.0206064 0.0580166 0.128805 
0.174419 -2.41436 0.0702924 0.0717497 0.263058 
-0.18901 2.56917 0.00396745 -0.211426 -0.0522658 
-0.259559 -2.19945 -0.26516 -0.330119 -0.267256 
0.0547947 -4.66004 0.0653815 0.0287244 0.0971097 
-0.0692982 14.1438 -0.0471442 0.0202507 -0.0784889 
0.206082 -7.84498 0.227871 0.291068 0.0721115 
-0.171171 6.84962 0.126597 -0.0836994 0.0474592 
0.187422 -2.27075 0.206624 0.242505 0.25292 
-0.182736 0.591698 0.0292926 0.124877 -0.198482 
0.166872 -10.0227 0.218448 0.0564473 0.0815827 
0.172392 -16.9001 0.0389403 -0.130172 0.0527544 
0.0138967 -4.99496 0.0082563 0.016821 -0.0523234 
0.0428702 4.10883 0.0323467 0.111875 0.0294076 
0.255131 9.60196 0.0812397 0.447302 -0.0417821 
0.352399 11.0898 -0.119182 0.420621 0.241009 
0.324365 17.548 0.510113 0.136887 -0.163464 
-0.214815 1.79681 0.0521806 0.0556065 -0.0155239 
-0.0789252 7.0131 -0.151076 -0.0927747 -0.173858 
0.472126 13.7923 0.739646 0.308182 0.674269 
0.591066 8.46273 0.761846 0.683996 0.314417 
0.0745311 7.04557 0.0739279 0.048814 0.0745546 
-0.097549 5.9319 -0.102756 -0.053763 -0.036065 
-0.015448 -7.10028 -0.0152088 0.0505167 -0.0400267 
-0.0452878 -15.8982 -0.141363 0.0306911 0.0490153 
0.015295 -8.21327 0.0731363 -0.00135519 0.10182 
-0.131676 -10.6406 -0.139309 0.0291296 -0.090178 
-0.220069 -19.3547 0.0361389 -0.0971563 -0.0311218 
-0.0876253 3.65069 -0.00976237 -0.0315913 -0.132592 
0.401597 -3.64935 0.234864 -0.183919 0.486789 
-0.090087 -3.50354 -0.223356 -0.0176417 0.0549382 
0.40878 3.66084 0.167677 0.189639 0.0635752 
-0.15271 10.0493 0.0107801 -0.193829 -0.0614567 
-0.151232 20.2006 -0.185218 -0.125118 -0.0911829 
-0.129026 -4.5996 -0.0263201 -0.108867 -0.0322667 
0.286146 -12.9757 -0.0483039 0.0451862 0.49444 
0.224072 -10.887 0.184026 -0.105655 0.110629 
-0.0671872 -8.21638 -0.0808683 -0.134369 -0.0734147 
-0.0564339 10.687 0.0710335 0.0123645 -0.00209037 
0.130277 13.6674 -0.160503 0.0470282 -0.00153034 
