7539.00430073
6377.44519813
10371.5389973
6770.75328927
5419.75299026
8643.44603989
10532.6296296
10128.1808553
5218.74237951
3030.19071418
8472.12845215
10754.589904
2071.94375218
8126.7428195
6731.09202943
8571.08918654
3883.5928493
1805.16078569
5488.53515588
6695.11862335
1978.24696792
2333.07168587
5320.95826712
10101.4475865
4675.15673883
5674.99729253
9979.768407221134
8503.71316892
5646.73799519
9731.26580418
6746.21464863
2758.59033375
5061.73245747
10572.237176
9275.46528094
3188.09856295
9506.76945123
5510.39620905
4373.4522146
4182.52174059
7283.49089699
2307.71285371
6218.63278932
8853.69784053
7553.47877825
3360.24274073
6166.70072748
5104.71322943
6903.22266468
6664.20804537
3303.80781651
4981.04926168
4808.27500795
7443.01789096
1994.33330934
4134.20463138
4718.43285771
2585.96701956
4561.65784239
2109.44760269
8634.75256121
9337.72527913
2186.5944303
7206.31218644
8162.49261873
2153.42696495
2997.30032145
9474.84152309
2434.98654998
8458.69071021
5775.71235991
7444.52777984
9670.34154509
3692.81661528
2066.66662064
8163.30098213
6833.36589172
2790.66005041
8655.9467734
8800.43237483
9419.73654652
3691.30606202
9562.16339693
4596.27292522
2482.54537238
10703.0808141
1761.10753117
9537.94249876
4023.70696359
2484.93504419
3148.94697834
4366.81197017
10260.9820807
8266.43239885
5971.15093935
7901.09887147
4057.67922523
7462.44770096
7447.91376898
10000.4840885
4360.23695981
10054.7713006
9905.32706974
9680.24604773
7771.63409241
7976.07345395
1974.20150502
4382.92265994
9116.21050164
7098.47964785
7906.29104307
11509.0288552
4296.11824684
3508.25816922
8478.90050234
8939.33958865
2859.08492999
2642.63805031
7578.49387263
3931.32482772
8390.53367414
3303.68162902
10099.3690336
5452.50817864
6778.8501534
5393.06787088
9075.56144061
2394.86031936
8079.28247388
5949.8534045
8740.70326388
8838.14061033
5971.8078052
8717.62355533
8538.1377429
7373.77078122
6348.44728895
3874.64425076
2829.08713789
9833.29674635
1940.99259799
5267.51515254
5143.08113853
4364.94302971
2104.03225806
9593.44751532
4310.68904133
7898.10131452
6995.15481131
7838.696157833773
6337.87426448
9703.51456132
6263.67992028
6060.11032671
6453.03149436
4022.87926049
11153.8970289
2186.34620467
7343.96501372
1737.16560212
2241.75805937
5164.8568329
10377.5426498
5216.7957749
7804.93362679
4715.12877055
8393.21607082
4083.77792148
6850.32826421
7373.36506209
2201.18378025
9702.75342802
8091.25965789
5782.01407616
6142.92567409
3331.04195427
2735.05325606
5249.05673695
9367.83039627
9432.874713
6951.81694698
9976.43741297
6396.26100157
9613.00674439
4479.17235713
3060.11005761
7336.69009124
3912.89788745
2489.98036152
6593.16041667
5572.05979174
3910.76906973
9330.93544678
3206.48481095
2878.89146893
8447.87488746
5131.51499487
3375.71764313
3129.24973785
8217.68055211
2317.1894891
9366.31430457
2171.72445205
8204.68224358
5350.42334935
8110.98765477
3592.03682411
4902.22670189
5338.32656867
6956.31447699
2104.43605831
6850.29315857
5772.51180369
2958.8051334
7709.9248258
2809.50608119
4354.09167045
7234.2764758
8562.47752013
8666.1775639
6970.6759014
7811.00773427
5725.04135764
3652.33010345
5145.90328152
10104.8744497
1787.30083977
7337.31076923
2997.37694457
3543.56852597
3500.68671575
9411.38070802
5137.82136517
9885.91364796
2732.8694362
10096.654406
6360.37316878
4679.82368765
4040.27198828
3776.16337985
1920.01421266
5621.33617781
3202.27379256
6130.11788786
3099.92676285
6513.02669284
10323.0861745
4871.3918958
6701.70525991
10659.7561259
2749.67118194
7521.88585434
4965.90037479
1941.58867774
8934.8383328
3867.95413203
3114.42459712
5650.88848465
9698.65767457
5629.60849639
8784.04680401
4224.0952381
7336.61705092
5061.3129166
7880.67244626
4439.33642757
9249.30774311
1987.69106079
7163.16722292
10622.4916968
7518.49635081
2493.09409145
2991.56914234
4032.96113815
2566.60112631
2991.58725609
8833.4297716
2162.92346225
11146.6229056
7875.673504
3471.67620781
5531.00904301
2424.3319344
7113.17897158
2268.04070926
9967.17693091
9086.71519172
6221.39322296
6660.55400181
8041.69589834
4420.15591477
8103.7660875
6660.0905573
4476.34099645
10567.1320915
7724.43508991
3673.31804771
6664.28647982
3125.6851783
9798.36319521
10387.4772518
8298.50501918
4868.04699241
9591.23510478
4140.43924954
4094.35542692
5942.54519084
6069.21127794
9266.77276826
4460.53967926
10539.9770275
7988.66512854
9250.89625587
5054.57252798
4023.127456
8450.08071598
6637.66197889
7239.66406307
6481.3180506
10986.2970308
9211.92716686
4977.92520179
5958.54178683
3439.19683835
9128.28892308
7115.05254237
8112.37783889
4769.33417323
2264.42930879
3531.69411205
2371.31792784
9820.39538769
7433.44353581
4819.2928142
3533.80597835
9550.48169925
8435.29424181
6010.37570463
2307.5846515
3904.66776886
7379.60383181
4846.49132829
4015.83948602
3090.25890936
9750.63294655
5905.15022776
7508.77625824
5013.93546468
9535.71837524
6261.33195205
3502.6393973
3061.93669789
5027.92042622
3665.13062556
1965.64925125
4383.75087496
2130.89918335
2276.24304047
5874.13475283
2822.19954817
8344.86053535
5644.36450816
4568.91159115
10389.8119617
8389.04350369
9125.99020105
10364.6389278
3586.02551724
5473.07633929
4688.56982386
10172.5416651
7296.28443873
6117.01115779
6159.04157526
7177.10844253
2690.04730762
10104.89246
3492.77327572
7606.8250083
9829.74064101
10180.4430862
5038.0165669
7732.27893428
9508.15016869
7858.99442586
10234.7739362
9041.63118883
3488.3952466
5816.68511287
6849.42568461
8689.41619603
5713.56118283
4159.72520879
8492.09058269
3068.54509548
2702.62613992
4746.12141928
7450.53935935
2670.07737008
2169.2223846
