1526922913.58	0.366667	0.001095	76.090226	58.258145	7539.00430073
1526922991.35	0.366667	0.001095	76.090226	58.258145	6377.44519813
1526923062.71	0.366667	0.001095	76.090226	58.258145	10371.5389973
1526923150.17	0.366667	0.001095	76.090226	58.258145	6770.75328927
1526923235.63	0.366667	0.001095	76.090226	58.258145	5419.75299026
1526923308.16	0.366667	0.001095	76.090226	58.258145	8643.44603989
1526923371.52	0.366667	0.001095	76.090226	58.258145	10532.6296296
1526923449.43	0.366667	0.001095	76.090226	58.258145	10128.1808553
1526923549.26	0.366667	0.001095	76.090226	58.258145	5218.74237951
1526923617.71	0.366667	0.001095	76.090226	58.258145	3030.19071418
1526923709.07	0.366667	0.001095	76.090226	58.258145	8472.12845215
1526923800.16	0.366667	0.001095	76.090226	58.258145	10754.589904
1526923884.25	0.366667	0.001095	76.090226	58.258145	2071.94375218
1526923962.34	0.366667	0.001095	76.090226	58.258145	8126.7428195
1526924037.4	0.366667	0.001095	76.090226	58.258145	6731.09202943
1526924136.68	0.366667	0.001095	76.090226	58.258145	8571.08918654
1526924222.28	0.366667	0.001095	76.090226	58.258145	3883.5928493
1526924310.14	0.366667	0.001095	76.090226	58.258145	1805.16078569
1526924386.15	0.366667	0.001095	76.090226	58.258145	5488.53515588
1526924470.81	0.366667	0.001095	76.090226	58.258145	6695.11862335
1526924557.56	0.366667	0.001095	76.090226	58.258145	1978.24696792
1526924641.71	0.366667	0.001095	76.090226	58.258145	2333.07168587
1526924729.86	0.366667	0.001095	76.090226	58.258145	5320.95826712
1526924798.47	0.366667	0.001095	76.090226	58.258145	10101.4475865
1526924887.18	0.366667	0.001095	76.090226	58.258145	4675.15673883
1526924957.21	0.366667	0.001095	76.090226	58.258145	5674.99729253
1526925057.48	0.366667	0.001095	76.090226	58.258145	9979.768407221134
1526925150.13	0.366667	0.001095	76.090226	58.258145	8503.71316892
1526925244.49	0.366667	0.001095	76.090226	58.258145	5646.73799519
1526925329.35	0.366667	0.001095	76.090226	58.258145	9731.26580418
1526925421.99	0.366667	0.001095	76.090226	58.258145	6746.21464863
1526925505.57	0.366667	0.001095	76.090226	58.258145	2758.59033375
1526925590.68	0.366667	0.001095	76.090226	58.258145	5061.73245747
1526925666.49	0.366667	0.001095	76.090226	58.258145	10572.237176
1526925758.26	0.366667	0.001095	76.090226	58.258145	9275.46528094
1526925843.08	0.366667	0.001095	76.090226	58.258145	3188.09856295
1526925930.75	0.366667	0.001095	76.090226	58.258145	9506.76945123
1526926019.92	0.366667	0.001095	76.090226	58.258145	5510.39620905
1526926096.39	0.366667	0.001095	76.090226	58.258145	4373.4522146
1526926182.39	0.366667	0.001095	76.090226	58.258145	4182.52174059
1526926263.56	0.366667	0.001095	76.090226	58.258145	7283.49089699
1526926342.91	0.366667	0.001095	76.090226	58.258145	2307.71285371
1526926418.63	0.366667	0.001095	76.090226	58.258145	6218.63278932
1526926516.77	0.366667	0.001095	76.090226	58.258145	8853.69784053
1526926605.03	0.366667	0.001095	76.090226	58.258145	7553.47877825
1526926683.47	0.366667	0.001095	76.090226	58.258145	3360.24274073
1526926769.14	0.366667	0.001095	76.090226	58.258145	6166.70072748
1526926837.02	0.366667	0.001095	76.090226	58.258145	5104.71322943
1526926907.48	0.366667	0.001095	76.090226	58.258145	6903.22266468
1526926989.42	0.366667	0.001095	76.090226	58.258145	6664.20804537
1526927063.35	0.366667	0.001095	76.090226	58.258145	3303.80781651
1526927140.5	0.366667	0.001095	76.090226	58.258145	4981.04926168
1526927235.29	0.366667	0.001095	76.090226	58.258145	4808.27500795
1526927317.01	0.366667	0.001095	76.090226	58.258145	7443.01789096
1526927398.26	0.366667	0.001095	76.090226	58.258145	1994.33330934
1526927465.85	0.366667	0.001095	76.090226	58.258145	4134.20463138
1526927551.08	0.366667	0.001095	76.090226	58.258145	4718.43285771
1526927610.89	0.366667	0.001095	76.090226	58.258145	2585.96701956
1526927685.38	0.366667	0.001095	76.090226	58.258145	4561.65784239
1526927754.73	0.366667	0.001095	76.090226	58.258145	2109.44760269
1526927842.62	0.366667	0.001095	76.090226	58.258145	8634.75256121
1526927916.62	0.366667	0.001095	76.090226	58.258145	9337.72527913
1526928003.78	0.366667	0.001095	76.090226	58.258145	2186.5944303
1526928084.19	0.366667	0.001095	76.090226	58.258145	7206.31218644
1526928158.27	0.366667	0.001095	76.090226	58.258145	8162.49261873
1526928217.65	0.366667	0.001095	76.090226	58.258145	2153.42696495
1526928300.32	0.366667	0.001095	76.090226	58.258145	2997.30032145
1526928393.15	0.366667	0.001095	76.090226	58.258145	9474.84152309
1526928469.11	0.366667	0.001095	76.090226	58.258145	2434.98654998
1526928552.81	0.366667	0.001095	76.090226	58.258145	8458.69071021
1526928667.88	0.366667	0.001095	76.090226	58.258145	5775.71235991
1526928782.54	0.366667	0.001095	76.090226	58.258145	7444.52777984
1526928874.44	0.366667	0.001095	76.090226	58.258145	9670.34154509
1526928978.95	0.366667	0.001095	76.090226	58.258145	3692.81661528
1526929086.63	0.366667	0.001095	76.090226	58.258145	2066.66662064
1526929184.11	0.366667	0.001095	76.090226	58.258145	8163.30098213
1526929305.5	0.366667	0.001095	76.090226	58.258145	6833.36589172
1526929422.67	0.366667	0.001095	76.090226	58.258145	2790.66005041
1526929545.72	0.366667	0.001095	76.090226	58.258145	8655.9467734
1526929659.98	0.366667	0.001095	76.090226	58.258145	8800.43237483
1526929769.55	0.366667	0.001095	76.090226	58.258145	9419.73654652
1526929918.12	0.366667	0.001095	76.090226	58.258145	3691.30606202
1526930039.98	0.366667	0.001095	76.090226	58.258145	9562.16339693
1526930150.21	0.366667	0.001095	76.090226	58.258145	4596.27292522
1526930251.5	0.366667	0.001095	76.090226	58.258145	2482.54537238
1526930357.64	0.366667	0.001095	76.090226	58.258145	10703.0808141
1526930472.91	0.366667	0.001095	76.090226	58.258145	1761.10753117
1526930586.26	0.366667	0.001095	76.090226	58.258145	9537.94249876
1526930703.78	0.366667	0.001095	76.090226	58.258145	4023.70696359
1526930804.03	0.366667	0.001095	76.090226	58.258145	2484.93504419
1526930912.96	0.366667	0.001095	76.090226	58.258145	3148.94697834
1526931043.05	0.366667	0.001095	76.090226	58.258145	4366.81197017
1526931135.01	0.366667	0.001095	76.090226	58.258145	10260.9820807
1526931249.42	0.366667	0.001095	76.090226	58.258145	8266.43239885
1526931360.84	0.366667	0.001095	76.090226	58.258145	5971.15093935
1526931454.5	0.366667	0.001095	76.090226	58.258145	7901.09887147
1526931569.6	0.366667	0.001095	76.090226	58.258145	4057.67922523
1526931666.96	0.366667	0.001095	76.090226	58.258145	7462.44770096
1526931771.65	0.366667	0.001095	76.090226	58.258145	7447.91376898
1526931869.2	0.366667	0.001095	76.090226	58.258145	10000.4840885
1526931964.53	0.366667	0.001095	76.090226	58.258145	4360.23695981
1526932068.66	0.366667	0.001095	76.090226	58.258145	10054.7713006
1526932182.05	0.366667	0.001095	76.090226	58.258145	9905.32706974
1526932294.78	0.366667	0.001095	76.090226	58.258145	9680.24604773
1526932389.48	0.366667	0.001095	76.090226	58.258145	7771.63409241
1526932505.18	0.366667	0.001095	76.090226	58.258145	7976.07345395
1526932609.2	0.366667	0.001095	76.090226	58.258145	1974.20150502
1526932700.89	0.366667	0.001095	76.090226	58.258145	4382.92265994
1526932824.07	0.366667	0.001095	76.090226	58.258145	9116.21050164
1526932940.13	0.366667	0.001095	76.090226	58.258145	7098.47964785
1526933047.4	0.366667	0.001095	76.090226	58.258145	7906.29104307
1526933158.54	0.366667	0.001095	76.090226	58.258145	11509.0288552
1526933231.83	0.366667	0.001095	76.090226	58.258145	4296.11824684
1526933291.64	0.366667	0.001095	76.090226	58.258145	3508.25816922
1526933351.39	0.366667	0.001095	76.090226	58.258145	8478.90050234
1526933425.33	0.366667	0.001095	76.090226	58.258145	8939.33958865
1526933497.56	0.366667	0.001095	76.090226	58.258145	2859.08492999
1526933585.79	0.366667	0.001095	76.090226	58.258145	2642.63805031
1526933673.99	0.366667	0.001095	76.090226	58.258145	7578.49387263
1526933742.82	0.366667	0.001095	76.090226	58.258145	3931.32482772
1526933802.12	0.366667	0.001095	76.090226	58.258145	8390.53367414
1526933876.74	0.366667	0.001095	76.090226	58.258145	3303.68162902
1526933942.71	0.366667	0.001095	76.090226	58.258145	10099.3690336
1526934014.93	0.366667	0.001095	76.090226	58.258145	5452.50817864
1526934131.39	0.366667	0.001095	76.090226	58.258145	6778.8501534
1526934224.42	0.366667	0.001095	76.090226	58.258145	5393.06787088
1526934310.45	0.366667	0.001095	76.090226	58.258145	9075.56144061
1526934411.33	0.366667	0.001095	76.090226	58.258145	2394.86031936
1526934512.85	0.366667	0.001095	76.090226	58.258145	8079.28247388
1526934597.73	0.366667	0.001095	76.090226	58.258145	5949.8534045
1526934690.14	0.366667	0.001095	76.090226	58.258145	8740.70326388
1526934751.44	0.366667	0.001095	76.090226	58.258145	8838.14061033
1526934825.71	0.366667	0.001095	76.090226	58.258145	5971.8078052
1526934897.19	0.366667	0.001095	76.090226	58.258145	8717.62355533
1526934964.6	0.366667	0.001095	76.090226	58.258145	8538.1377429
1526935026.72	0.366667	0.001095	76.090226	58.258145	7373.77078122
1526935093.26	0.366667	0.001095	76.090226	58.258145	6348.44728895
1526935160.53	0.366667	0.001095	76.090226	58.258145	3874.64425076
1526935244.46	0.366667	0.001095	76.090226	58.258145	2829.08713789
1526935313.92	0.366667	0.001095	76.090226	58.258145	9833.29674635
1526935386.53	0.366667	0.001095	76.090226	58.258145	1940.99259799
1526935473.56	0.366667	0.001095	76.090226	58.258145	5267.51515254
1526935542.52	0.366667	0.001095	76.090226	58.258145	5143.08113853
1526935608.05	0.366667	0.001095	76.090226	58.258145	4364.94302971
1526935683.16	0.366667	0.001095	76.090226	58.258145	2104.03225806
1526935754.55	0.366667	0.001095	76.090226	58.258145	9593.44751532
1526935826.7	0.366667	0.001095	76.090226	58.258145	4310.68904133
1526935893.79	0.366667	0.001095	76.090226	58.258145	7898.10131452
1526935970.22	0.366667	0.001095	76.090226	58.258145	6995.15481131
1526936044.93	0.366667	0.001095	76.090226	58.258145	7838.696157833773
1526936115.37	0.366667	0.001095	76.090226	58.258145	6337.87426448
1526936194.57	0.366667	0.001095	76.090226	58.258145	9703.51456132
1526936273.84	0.366667	0.001095	76.090226	58.258145	6263.67992028
1526936347.68	0.366667	0.001095	76.090226	58.258145	6060.11032671
1526936422.92	0.366667	0.001095	76.090226	58.258145	6453.03149436
1526936504.66	0.366667	0.001095	76.090226	58.258145	4022.87926049
1526936596.57	0.366667	0.001095	76.090226	58.258145	11153.8970289
1526936698.09	0.366667	0.001095	76.090226	58.258145	2186.34620467
1526936773.67	0.366667	0.001095	76.090226	58.258145	7343.96501372
1526936838.05	0.366667	0.001095	76.090226	58.258145	1737.16560212
1526936916.84	0.366667	0.001095	76.090226	58.258145	2241.75805937
1526936990.77	0.366667	0.001095	76.090226	58.258145	5164.8568329
1526937066.84	0.366667	0.001095	76.090226	58.258145	10377.5426498
1526937152.25	0.366667	0.001095	76.090226	58.258145	5216.7957749
1526937215.02	0.366667	0.001095	76.090226	58.258145	7804.93362679
1526937289.95	0.366667	0.001095	76.090226	58.258145	4715.12877055
1526937359.11	0.366667	0.001095	76.090226	58.258145	8393.21607082
1526937432.34	0.366667	0.001095	76.090226	58.258145	4083.77792148
1526937513.83	0.366667	0.001095	76.090226	58.258145	6850.32826421
1526937569.49	0.366667	0.001095	76.090226	58.258145	7373.36506209
1526937640.01	0.366667	0.001095	76.090226	58.258145	2201.18378025
1526937711.94	0.366667	0.001095	76.090226	58.258145	9702.75342802
1526937777.58	0.366667	0.001095	76.090226	58.258145	8091.25965789
1526937835.51	0.366667	0.001095	76.090226	58.258145	5782.01407616
1526937920.03	0.366667	0.001095	76.090226	58.258145	6142.92567409
1526938012.61	0.366667	0.001095	76.090226	58.258145	3331.04195427
1526938128.38	0.366667	0.001095	76.090226	58.258145	2735.05325606
1526938226.6	0.366667	0.001095	76.090226	58.258145	5249.05673695
1526938328.29	0.366667	0.001095	76.090226	58.258145	9367.83039627
1526938424.96	0.366667	0.001095	76.090226	58.258145	9432.874713
1526938504.23	0.366667	0.001095	76.090226	58.258145	6951.81694698
1526938577.32	0.366667	0.001095	76.090226	58.258145	9976.43741297
1526938640.91	0.366667	0.001095	76.090226	58.258145	6396.26100157
1526938707.98	0.366667	0.001095	76.090226	58.258145	9613.00674439
1526938774.89	0.366667	0.001095	76.090226	58.258145	4479.17235713
1526938840.67	0.366667	0.001095	76.090226	58.258145	3060.11005761
1526938915.78	0.366667	0.001095	76.090226	58.258145	7336.69009124
1526938992.65	0.366667	0.001095	76.090226	58.258145	3912.89788745
1526939055.95	0.366667	0.001095	76.090226	58.258145	2489.98036152
1526939134.9	0.366667	0.001095	76.090226	58.258145	6593.16041667
1526939215.02	0.366667	0.001095	76.090226	58.258145	5572.05979174
1526939288.34	0.366667	0.001095	76.090226	58.258145	3910.76906973
1526939373.12	0.366667	0.001095	76.090226	58.258145	9330.93544678
1526939451.93	0.366667	0.001095	76.090226	58.258145	3206.48481095
1526939526.72	0.366667	0.001095	76.090226	58.258145	2878.89146893
1526939613.63	0.366667	0.001095	76.090226	58.258145	8447.87488746
1526939692.33	0.366667	0.001095	76.090226	58.258145	5131.51499487
1526939746.46	0.366667	0.001095	76.090226	58.258145	3375.71764313
1526939823.17	0.366667	0.001095	76.090226	58.258145	3129.24973785
1526939892.29	0.366667	0.001095	76.090226	58.258145	8217.68055211
1526939957.81	0.366667	0.001095	76.090226	58.258145	2317.1894891
1526940023.59	0.366667	0.001095	76.090226	58.258145	9366.31430457
1526940094.6	0.366667	0.001095	76.090226	58.258145	2171.72445205
1526940162.22	0.366667	0.001095	76.090226	58.258145	8204.68224358
1526940239.76	0.366667	0.001095	76.090226	58.258145	5350.42334935
1526940308.36	0.366667	0.001095	76.090226	58.258145	8110.98765477
1526940372.35	0.366667	0.001095	76.090226	58.258145	3592.03682411
1526940453.85	0.366667	0.001095	76.090226	58.258145	4902.22670189
1526940511.4	0.366667	0.001095	76.090226	58.258145	5338.32656867
1526940589.63	0.366667	0.001095	76.090226	58.258145	6956.31447699
1526940661.63	0.366667	0.001095	76.090226	58.258145	2104.43605831
1526940729.23	0.366667	0.001095	76.090226	58.258145	6850.29315857
1526940818.94	0.366667	0.001095	76.090226	58.258145	5772.51180369
1526940894.68	0.366667	0.001095	76.090226	58.258145	2958.8051334
1526940966.2	0.366667	0.001095	76.090226	58.258145	7709.9248258
1526941024.6	0.366667	0.001095	76.090226	58.258145	2809.50608119
1526941096.01	0.366667	0.001095	76.090226	58.258145	4354.09167045
1526941181.95	0.366667	0.001095	76.090226	58.258145	7234.2764758
1526941268.1	0.366667	0.001095	76.090226	58.258145	8562.47752013
1526941336.12	0.366667	0.001095	76.090226	58.258145	8666.1775639
1526941410.94	0.366667	0.001095	76.090226	58.258145	6970.6759014
1526941475.83	0.366667	0.001095	76.090226	58.258145	7811.00773427
1526941556.44	0.366667	0.001095	76.090226	58.258145	5725.04135764
1526941630.95	0.366667	0.001095	76.090226	58.258145	3652.33010345
1526941698.22	0.366667	0.001095	76.090226	58.258145	5145.90328152
1526941764.25	0.366667	0.001095	76.090226	58.258145	10104.8744497
1526941844.05	0.366667	0.001095	76.090226	58.258145	1787.30083977
1526941923.07	0.366667	0.001095	76.090226	58.258145	7337.31076923
1526942018.51	0.366667	0.001095	76.090226	58.258145	2997.37694457
1526942113.23	0.366667	0.001095	76.090226	58.258145	3543.56852597
1526942183.5	0.366667	0.001095	76.090226	58.258145	3500.68671575
1526942259.18	0.366667	0.001095	76.090226	58.258145	9411.38070802
1526942339.39	0.366667	0.001095	76.090226	58.258145	5137.82136517
1526942440.69	0.366667	0.001095	76.090226	58.258145	9885.91364796
1526942551.93	0.366667	0.001095	76.090226	58.258145	2732.8694362
1526942621.86	0.366667	0.001095	76.090226	58.258145	10096.654406
1526942710.12	0.366667	0.001095	76.090226	58.258145	6360.37316878
1526942808.76	0.366667	0.001095	76.090226	58.258145	4679.82368765
1526942876.53	0.366667	0.001095	76.090226	58.258145	4040.27198828
1526942958.73	0.366667	0.001095	76.090226	58.258145	3776.16337985
1526943062.64	0.366667	0.001095	76.090226	58.258145	1920.01421266
1526943131.14	0.366667	0.001095	76.090226	58.258145	5621.33617781
1526943191.93	0.366667	0.001095	76.090226	58.258145	3202.27379256
1526943253.11	0.366667	0.001095	76.090226	58.258145	6130.11788786
1526943328.19	0.366667	0.001095	76.090226	58.258145	3099.92676285
1526943409.95	0.366667	0.001095	76.090226	58.258145	6513.02669284
1526943491.86	0.366667	0.001095	76.090226	58.258145	10323.0861745
1526943584.18	0.366667	0.001095	76.090226	58.258145	4871.3918958
1526943675.15	0.366667	0.001095	76.090226	58.258145	6701.70525991
1526943766.99	0.366667	0.001095	76.090226	58.258145	10659.7561259
1526943845.64	0.366667	0.001095	76.090226	58.258145	2749.67118194
1526943923.11	0.366667	0.001095	76.090226	58.258145	7521.88585434
1526944054.2	0.366667	0.001095	76.090226	58.258145	4965.90037479
1526944167.2	0.366667	0.001095	76.090226	58.258145	1941.58867774
1526944243.28	0.366667	0.001095	76.090226	58.258145	8934.8383328
1526944328.66	0.366667	0.001095	76.090226	58.258145	3867.95413203
1526944407.65	0.366667	0.001095	76.090226	58.258145	3114.42459712
1526944483.01	0.366667	0.001095	76.090226	58.258145	5650.88848465
1526944559.96	0.366667	0.001095	76.090226	58.258145	9698.65767457
1526944646.02	0.366667	0.001095	76.090226	58.258145	5629.60849639
1526944718.2	0.366667	0.001095	76.090226	58.258145	8784.04680401
1526944792.17	0.366667	0.001095	76.090226	58.258145	4224.0952381
1526944862.14	0.366667	0.001095	76.090226	58.258145	7336.61705092
1526944938.72	0.366667	0.001095	76.090226	58.258145	5061.3129166
1526945014.65	0.366667	0.001095	76.090226	58.258145	7880.67244626
1526945083.89	0.366667	0.001095	76.090226	58.258145	4439.33642757
1526945153.22	0.366667	0.001095	76.090226	58.258145	9249.30774311
1526945236.94	0.366667	0.001095	76.090226	58.258145	1987.69106079
1526945311.07	0.366667	0.001095	76.090226	58.258145	7163.16722292
1526945396.17	0.366667	0.001095	76.090226	58.258145	10622.4916968
1526945473.86	0.366667	0.001095	76.090226	58.258145	7518.49635081
1526945555.74	0.366667	0.001095	76.090226	58.258145	2493.09409145
1526945625.19	0.366667	0.001095	76.090226	58.258145	2991.56914234
1526945715.59	0.366667	0.001095	76.090226	58.258145	4032.96113815
1526945784.74	0.366667	0.001095	76.090226	58.258145	2566.60112631
1526945866.03	0.366667	0.001095	76.090226	58.258145	2991.58725609
1526945938.94	0.366667	0.001095	76.090226	58.258145	8833.4297716
1526946021.94	0.366667	0.001095	76.090226	58.258145	2162.92346225
1526946087.42	0.366667	0.001095	76.090226	58.258145	11146.6229056
1526946168.12	0.366667	0.001095	76.090226	58.258145	7875.673504
1526946253.34	0.366667	0.001095	76.090226	58.258145	3471.67620781
1526946355.12	0.366667	0.001095	76.090226	58.258145	5531.00904301
1526946435.51	0.366667	0.001095	76.090226	58.258145	2424.3319344
1526946510.65	0.366667	0.001095	76.090226	58.258145	7113.17897158
1526946588.79	0.366667	0.001095	76.090226	58.258145	2268.04070926
1526946699.53	0.366667	0.001095	76.090226	58.258145	9967.17693091
1526946816.04	0.366667	0.001095	76.090226	58.258145	9086.71519172
1526946942.33	0.366667	0.001095	76.090226	58.258145	6221.39322296
1526947055.4	0.366667	0.001095	76.090226	58.258145	6660.55400181
1526947156.57	0.366667	0.001095	76.090226	58.258145	8041.69589834
1526947268.27	0.366667	0.001095	76.090226	58.258145	4420.15591477
1526947353.41	0.366667	0.001095	76.090226	58.258145	8103.7660875
1526947459.73	0.366667	0.001095	76.090226	58.258145	6660.0905573
1526947542.89	0.366667	0.001095	76.090226	58.258145	4476.34099645
1526947613.6	0.366667	0.001095	76.090226	58.258145	10567.1320915
1526947698.57	0.366667	0.001095	76.090226	58.258145	7724.43508991
1526947788.49	0.366667	0.001095	76.090226	58.258145	3673.31804771
1526947874.13	0.366667	0.001095	76.090226	58.258145	6664.28647982
1526947949.25	0.366667	0.001095	76.090226	58.258145	3125.6851783
1526948024.12	0.366667	0.001095	76.090226	58.258145	9798.36319521
1526948117.85	0.366667	0.001095	76.090226	58.258145	10387.4772518
1526948211.98	0.366667	0.001095	76.090226	58.258145	8298.50501918
1526948337.74	0.366667	0.001095	76.090226	58.258145	4868.04699241
1526948433.25	0.366667	0.001095	76.090226	58.258145	9591.23510478
1526948513.01	0.366667	0.001095	76.090226	58.258145	4140.43924954
1526948593.59	0.366667	0.001095	76.090226	58.258145	4094.35542692
1526948681.43	0.366667	0.001095	76.090226	58.258145	5942.54519084
1526948815.32	0.366667	0.001095	76.090226	58.258145	6069.21127794
1526948944.21	0.366667	0.001095	76.090226	58.258145	9266.77276826
1526949022.07	0.366667	0.001095	76.090226	58.258145	4460.53967926
1526949103.11	0.366667	0.001095	76.090226	58.258145	10539.9770275
1526949181.96	0.366667	0.001095	76.090226	58.258145	7988.66512854
1526949273.58	0.366667	0.001095	76.090226	58.258145	9250.89625587
1526949366.22	0.366667	0.001095	76.090226	58.258145	5054.57252798
1526949458.2	0.366667	0.001095	76.090226	58.258145	4023.127456
1526949547.19	0.366667	0.001095	76.090226	58.258145	8450.08071598
1526949644.18	0.366667	0.001095	76.090226	58.258145	6637.66197889
1526949720.73	0.366667	0.001095	76.090226	58.258145	7239.66406307
1526949821.73	0.366667	0.001095	76.090226	58.258145	6481.3180506
1526949950.79	0.366667	0.001095	76.090226	58.258145	10986.2970308
1526950051.1	0.366667	0.001095	76.090226	58.258145	9211.92716686
1526950178.02	0.366667	0.001095	76.090226	58.258145	4977.92520179
1526950253.54	0.366667	0.001095	76.090226	58.258145	5958.54178683
1526950344.09	0.366667	0.001095	76.090226	58.258145	3439.19683835
1526950431.99	0.366667	0.001095	76.090226	58.258145	9128.28892308
1526950529.73	0.366667	0.001095	76.090226	58.258145	7115.05254237
1526950613.59	0.366667	0.001095	76.090226	58.258145	8112.37783889
1526950702.88	0.366667	0.001095	76.090226	58.258145	4769.33417323
1526950784.98	0.366667	0.001095	76.090226	58.258145	2264.42930879
1526950858.69	0.366667	0.001095	76.090226	58.258145	3531.69411205
1526950943.24	0.366667	0.001095	76.090226	58.258145	2371.31792784
1526951019.44	0.366667	0.001095	76.090226	58.258145	9820.39538769
1526951105.77	0.366667	0.001095	76.090226	58.258145	7433.44353581
1526951206.05	0.366667	0.001095	76.090226	58.258145	4819.2928142
1526951307.3	0.366667	0.001095	76.090226	58.258145	3533.80597835
1526951394.18	0.366667	0.001095	76.090226	58.258145	9550.48169925
1526951495.32	0.366667	0.001095	76.090226	58.258145	8435.29424181
1526951593.7	0.366667	0.001095	76.090226	58.258145	6010.37570463
1526951679.46	0.366667	0.001095	76.090226	58.258145	2307.5846515
1526951764.72	0.366667	0.001095	76.090226	58.258145	3904.66776886
1526951848.47	0.366667	0.001095	76.090226	58.258145	7379.60383181
1526951920.82	0.366667	0.001095	76.090226	58.258145	4846.49132829
1526951996.79	0.366667	0.001095	76.090226	58.258145	4015.83948602
1526952074.66	0.366667	0.001095	76.090226	58.258145	3090.25890936
1526952141.49	0.366667	0.001095	76.090226	58.258145	9750.63294655
1526952210.03	0.366667	0.001095	76.090226	58.258145	5905.15022776
1526952299.24	0.366667	0.001095	76.090226	58.258145	7508.77625824
1526952375.52	0.366667	0.001095	76.090226	58.258145	5013.93546468
1526952440.04	0.366667	0.001095	76.090226	58.258145	9535.71837524
1526952525.03	0.366667	0.001095	76.090226	58.258145	6261.33195205
1526952603.59	0.366667	0.001095	76.090226	58.258145	3502.6393973
1526952693.02	0.366667	0.001095	76.090226	58.258145	3061.93669789
1526952795.55	0.366667	0.001095	76.090226	58.258145	5027.92042622
1526952869.01	0.366667	0.001095	76.090226	58.258145	3665.13062556
1526952962.87	0.366667	0.001095	76.090226	58.258145	1965.64925125
1526953045.58	0.366667	0.001095	76.090226	58.258145	4383.75087496
1526953130.59	0.366667	0.001095	76.090226	58.258145	2130.89918335
1526953211.8	0.366667	0.001095	76.090226	58.258145	2276.24304047
1526953284.0	0.366667	0.001095	76.090226	58.258145	5874.13475283
1526953370.65	0.366667	0.001095	76.090226	58.258145	2822.19954817
1526953451.86	0.366667	0.001095	76.090226	58.258145	8344.86053535
1526953529.71	0.366667	0.001095	76.090226	58.258145	5644.36450816
1526953608.75	0.366667	0.001095	76.090226	58.258145	4568.91159115
1526953681.13	0.366667	0.001095	76.090226	58.258145	10389.8119617
1526953751.18	0.366667	0.001095	76.090226	58.258145	8389.04350369
1526953836.09	0.366667	0.001095	76.090226	58.258145	9125.99020105
1526953912.4	0.366667	0.001095	76.090226	58.258145	10364.6389278
1526953982.03	0.366667	0.001095	76.090226	58.258145	3586.02551724
1526954058.69	0.366667	0.001095	76.090226	58.258145	5473.07633929
1526954158.74	0.366667	0.001095	76.090226	58.258145	4688.56982386
1526954238.25	0.366667	0.001095	76.090226	58.258145	10172.5416651
1526954303.94	0.366667	0.001095	76.090226	58.258145	7296.28443873
1526954370.77	0.366667	0.001095	76.090226	58.258145	6117.01115779
1526954444.07	0.366667	0.001095	76.090226	58.258145	6159.04157526
1526954511.68	0.366667	0.001095	76.090226	58.258145	7177.10844253
1526954585.12	0.366667	0.001095	76.090226	58.258145	2690.04730762
1526954657.56	0.366667	0.001095	76.090226	58.258145	10104.89246
1526954733.84	0.366667	0.001095	76.090226	58.258145	3492.77327572
1526954809.56	0.366667	0.001095	76.090226	58.258145	7606.8250083
1526954887.57	0.366667	0.001095	76.090226	58.258145	9829.74064101
1526954978.14	0.366667	0.001095	76.090226	58.258145	10180.4430862
1526955056.79	0.366667	0.001095	76.090226	58.258145	5038.0165669
1526955135.31	0.366667	0.001095	76.090226	58.258145	7732.27893428
1526955206.65	0.366667	0.001095	76.090226	58.258145	9508.15016869
1526955279.24	0.366667	0.001095	76.090226	58.258145	7858.99442586
1526955360.76	0.366667	0.001095	76.090226	58.258145	10234.7739362
1526955428.22	0.366667	0.001095	76.090226	58.258145	9041.63118883
1526955507.19	0.366667	0.001095	76.090226	58.258145	3488.3952466
1526955580.7	0.366667	0.001095	76.090226	58.258145	5816.68511287
1526955671.57	0.366667	0.001095	76.090226	58.258145	6849.42568461
1526955759.88	0.366667	0.001095	76.090226	58.258145	8689.41619603
1526955842.72	0.366667	0.001095	76.090226	58.258145	5713.56118283
1526955926.75	0.366667	0.001095	76.090226	58.258145	4159.72520879
1526955998.66	0.366667	0.001095	76.090226	58.258145	8492.09058269
1526956080.53	0.366667	0.001095	76.090226	58.258145	3068.54509548
1526956157.06	0.366667	0.001095	76.090226	58.258145	2702.62613992
1526956224.68	0.366667	0.001095	76.090226	58.258145	4746.12141928
1526956286.18	0.366667	0.001095	76.090226	58.258145	7450.53935935
1526956348.45	0.366667	0.001095	76.090226	58.258145	2670.07737008
1526956421.76	0.366667	0.001095	76.090226	58.258145	2169.2223846
