1526742501	0.1	0.0004	40	55	2450.529714
1526742589	0.1	0.0004	40	60	2226.756524
1526742654	0.1	0.0004	40	65	2473.161703
1526742726	0.1	0.0004	40	70	2248.936045
1526742812	0.1	0.0004	40	75	1883.514912
1526742884	0.1	0.0004	50	55	2402.715305
1526742943	0.1	0.0004	50	60	2067.24109
1526743030	0.1	0.0004	50	65	2264.581351
1526743099	0.1	0.0004	50	70	1805.114828
1526743170	0.1	0.0004	50	75	2004.460398
1526743245	0.1	0.0004	60	55	2205.568464
1526743338	0.1	0.0004	60	60	2372.783773
1526743417	0.1	0.0004	60	65	2224.476416
1526743500	0.1	0.0004	60	70	1819.802192
1526743594	0.1	0.0004	60	75	1750.519691
1526743675	0.1	0.0004	70	55	2293.154533
1526743770	0.1	0.0004	70	60	2194.242386
1526743863	0.1	0.0004	70	65	1996.270406
1526743938	0.1	0.0004	70	70	1579.366809
1526744023	0.1	0.0004	70	75	1797.757599
1526744096	0.1	0.0004	80	55	1937.311841
1526744191	0.1	0.0004	80	60	2266.343015
1526744276	0.1	0.0004	80	65	1580.897742
1526744344	0.1	0.0004	80	70	1810.814828
1526744417	0.1	0.0004	80	75	1697.212956
1526744477	0.1	0.0008	40	55	6317.829155
1526744539	0.1	0.0008	40	60	5945.515895
1526744613	0.1	0.0008	40	65	5378.54281
1526744675	0.1	0.0008	40	70	5081.955707
1526744748	0.1	0.0008	40	75	4955.266198
1526744815	0.1	0.0008	50	55	6756.250139
1526744896	0.1	0.0008	50	60	5730.893392
1526744976	0.1	0.0008	50	65	5004.22343
1526745047	0.1	0.0008	50	70	5214.405136
1526745117	0.1	0.0008	50	75	4598.291195
1526745189	0.1	0.0008	60	55	6626.658815
1526745247	0.1	0.0008	60	60	5483.730185
1526745311	0.1	0.0008	60	65	5117.329046
1526745394	0.1	0.0008	60	70	4934.16138
1526745481	0.1	0.0008	60	75	4895.952351
1526745568	0.1	0.0008	70	55	6447.723905
1526745639	0.1	0.0008	70	60	5341.190556
1526745704	0.1	0.0008	70	65	5211.410103
1526745783	0.1	0.0008	70	70	4865.441079
1526745868	0.1	0.0008	70	75	4619.991381
1526745939	0.1	0.0008	80	55	5781.282747
1526746000	0.1	0.0008	80	60	5102.816746
1526746079	0.1	0.0008	80	65	4598.973468
1526746144	0.1	0.0008	80	70	4994.090429
1526746218	0.1	0.0008	80	75	4306.325982
1526746289	0.1	0.0012	40	55	12778.59387
1526746369	0.1	0.0012	40	60	10817.12983
1526746456	0.1	0.0012	40	65	9405.271294
1526746533	0.1	0.0012	40	70	8972.869164
1526746604	0.1	0.0012	40	75	8722.254907
1526746702	0.1	0.0012	50	55	11754.98995
1526746782	0.1	0.0012	50	60	11006.2998
1526746871	0.1	0.0012	50	65	9899.226718
1526746953	0.1	0.0012	50	70	8851.516004
1526747024	0.1	0.0012	50	75	8164.424338
1526747094	0.1	0.0012	60	55	11035.10918
1526747175	0.1	0.0012	60	60	10574.23273
1526747244	0.1	0.0012	60	65	9668.700545
1526747327	0.1	0.0012	60	70	8938.541517
1526747397	0.1	0.0012	60	75	8460.525615
1526747470	0.1	0.0012	70	55	10365.48176
1526747530	0.1	0.0012	70	60	10267.11993
1526747595	0.1	0.0012	70	65	9755.777105
1526747700	0.1	0.0012	70	70	8539.801033
1526747782	0.1	0.0012	70	75	8168.295045
1526747875	0.1	0.0012	80	55	10456.18653
1526747969	0.1	0.0012	80	60	9302.099452
1526748044	0.1	0.0012	80	65	8423.815645
1526748127	0.1	0.0012	80	70	8290.481176
1526748203	0.1	0.0012	80	75	8194.562779
1526748302	0.1	0.0016	40	55	17981.62033
1526748391	0.1	0.0016	40	60	15638.76294
1526748483	0.1	0.0016	40	65	14041.2262
1526748577	0.1	0.0016	40	70	12814.52137
1526748667	0.1	0.0016	40	75	13399.9073
1526748765	0.1	0.0016	50	55	18380.43674
1526748859	0.1	0.0016	50	60	16629.55898
1526748950	0.1	0.0016	50	65	14494.0562
1526749036	0.1	0.0016	50	70	12716.04174
1526749121	0.1	0.0016	50	75	12609.48189
1526749208	0.1	0.0016	60	55	17174.23935
1526749292	0.1	0.0016	60	60	15157.28002
1526749389	0.1	0.0016	60	65	13033.20501
1526749473	0.1	0.0016	60	70	12417.2622
1526749575	0.1	0.0016	60	75	12414.08145
1526749675	0.1	0.0016	70	55	17421.37035
1526749757	0.1	0.0016	70	60	14471.87271
1526749847	0.1	0.0016	70	65	13106.79978
1526749942	0.1	0.0016	70	70	12178.54296
1526750006	0.1	0.0016	70	75	11828.75862
1526750089	0.1	0.0016	80	55	15414.48525
1526750206	0.1	0.0016	80	60	15483.54865
1526750291	0.1	0.0016	80	65	13287.31382
1526750380	0.1	0.0016	80	70	12624.57829
1526750474	0.1	0.0016	80	75	11820.20352
1526750561	0.2	0.0004	40	55	2392.899431
1526750647	0.2	0.0004	40	60	2502.665003
1526750727	0.2	0.0004	40	65	1827.023049
1526750808	0.2	0.0004	40	70	1909.768475
1526750878	0.2	0.0004	40	75	1903.303219
1526750980	0.2	0.0004	50	55	2775.470344
1526751086	0.2	0.0004	50	60	2313.530917
1526751185	0.2	0.0004	50	65	1821.067049
1526751269	0.2	0.0004	50	70	1970.210296
1526751356	0.2	0.0004	50	75	1913.341979
1526751437	0.2	0.0004	60	55	2701.607413
1526751498	0.2	0.0004	60	60	1893.164499
1526751577	0.2	0.0004	60	65	1843.999098
1526751672	0.2	0.0004	60	70	2090.373966
1526751760	0.2	0.0004	60	75	1885.285063
1526751840	0.2	0.0004	70	55	1781.260247
1526751924	0.2	0.0004	70	60	1949.547239
1526752015	0.2	0.0004	70	65	1776.747688
1526752112	0.2	0.0004	70	70	1933.592834
1526752188	0.2	0.0004	70	75	1807.562845
1526752300	0.2	0.0004	80	55	2523.524495
1526752387	0.2	0.0004	80	60	1619.782141
1526752476	0.2	0.0004	80	65	1762.753066
1526752563	0.2	0.0004	80	70	1971.710664
1526752665	0.2	0.0004	80	75	1581.021012
1526752768	0.2	0.0008	40	55	8025.211167
1526752849	0.2	0.0008	40	60	6476.960275
1526752930	0.2	0.0008	40	65	5786.295733
1526753015	0.2	0.0008	40	70	5556.901031
1526753116	0.2	0.0008	40	75	5231.79207
1526753200	0.2	0.0008	50	55	6314.771892
1526753279	0.2	0.0008	50	60	5860.181088
1526753358	0.2	0.0008	50	65	6054.013488
1526753434	0.2	0.0008	50	70	4590.720312
1526753512	0.2	0.0008	50	75	4935.688754
1526753584	0.2	0.0008	60	55	5700.774163
1526753687	0.2	0.0008	60	60	5622.99648
1526753780	0.2	0.0008	60	65	5795.659868
1526753860	0.2	0.0008	60	70	5304.709586
1526753946	0.2	0.0008	60	75	5243.187609
1526754044	0.2	0.0008	70	55	5502.959042
1526754129	0.2	0.0008	70	60	5343.013227
1526754228	0.2	0.0008	70	65	5173.041396
1526754316	0.2	0.0008	70	70	4792.076542
1526754386	0.2	0.0008	70	75	5135.605681
1526754501	0.2	0.0008	80	55	5920.455667
1526754578	0.2	0.0008	80	60	5096.925512
1526754677	0.2	0.0008	80	65	5195.79281
1526754750	0.2	0.0008	80	70	4821.892909
1526754845	0.2	0.0008	80	75	4797.526399
1526754942	0.2	0.0012	40	55	11974.75124
1526755022	0.2	0.0012	40	60	11452.0476
1526755105	0.2	0.0012	40	65	9948.516482
1526755222	0.2	0.0012	40	70	8852.470367
1526755321	0.2	0.0012	40	75	8837.416816
1526755404	0.2	0.0012	50	55	12194.04891
1526755507	0.2	0.0012	50	60	10231.87649
1526755613	0.2	0.0012	50	65	9514.677958
1526755704	0.2	0.0012	50	70	8923.521411
1526755779	0.2	0.0012	50	75	8306.486057
1526755864	0.2	0.0012	60	55	11935.06681
1526755961	0.2	0.0012	60	60	9849.1331
1526756047	0.2	0.0012	60	65	8910.500074
1526756130	0.2	0.0012	60	70	9397.566337
1526756215	0.2	0.0012	60	75	7977.131558
1526756302	0.2	0.0012	70	55	9879.34071
1526756373	0.2	0.0012	70	60	10002.58485
1526756465	0.2	0.0012	70	65	9664.051548
1526756557	0.2	0.0012	70	70	8900.318558
1526756651	0.2	0.0012	70	75	8379.757856
1526756741	0.2	0.0012	80	55	11021.08335
1526756842	0.2	0.0012	80	60	10505.08951
1526756933	0.2	0.0012	80	65	9283.931545
1526757023	0.2	0.0012	80	70	7961.848773
1526757095	0.2	0.0012	80	75	7387.016847
1526757176	0.2	0.0016	40	55	18961.26379
1526757283	0.2	0.0016	40	60	15841.83783
1526757383	0.2	0.0016	40	65	14438.21182
1526757481	0.2	0.0016	40	70	12950.02504
1526757589	0.2	0.0016	40	75	13461.2707
1526757695	0.2	0.0016	50	55	16208.93972
1526757789	0.2	0.0016	50	60	16114.45439
1526757908	0.2	0.0016	50	65	13594.89292
1526757993	0.2	0.0016	50	70	12749.51334
1526758081	0.2	0.0016	50	75	11954.62221
1526758171	0.2	0.0016	60	55	18222.54002
1526758260	0.2	0.0016	60	60	15021.60346
1526758346	0.2	0.0016	60	65	13420.43844
1526758437	0.2	0.0016	60	70	12483.11819
1526758540	0.2	0.0016	60	75	11239.70379
1526758627	0.2	0.0016	70	55	15903.58348
1526758717	0.2	0.0016	70	60	14785.3757
1526758801	0.2	0.0016	70	65	14336.19874
1526758895	0.2	0.0016	70	70	12070.14012
1526758993	0.2	0.0016	70	75	12216.75472
1526759075	0.2	0.0016	80	55	15067.8809
1526759152	0.2	0.0016	80	60	14468.84716
1526759243	0.2	0.0016	80	65	13089.07707
1526759332	0.2	0.0016	80	70	12264.4949
1526759449	0.2	0.0016	80	75	12410.62917
1526759558	0.4	0.0004	40	55	2558.857535
1526759640	0.4	0.0004	40	60	2582.789574
1526759724	0.4	0.0004	40	65	1942.851814
1526759816	0.4	0.0004	40	70	1925.169217
1526759898	0.4	0.0004	40	75	1987.611928
1526759986	0.4	0.0004	50	55	2427.404405
1526760084	0.4	0.0004	50	60	1922.889131
1526760162	0.4	0.0004	50	65	2003.101962
1526760247	0.4	0.0004	50	70	1935.91698
1526760324	0.4	0.0004	50	75	2063.630231
1526760408	0.4	0.0004	60	55	2323.120966
1526760490	0.4	0.0004	60	60	2190.946877
1526760555	0.4	0.0004	60	65	2034.640969
1526760625	0.4	0.0004	60	70	2136.015193
1526760693	0.4	0.0004	60	75	1792.377365
1526760761	0.4	0.0004	70	55	2255.043086
1526760831	0.4	0.0004	70	60	2112.231488
1526760907	0.4	0.0004	70	65	1906.326058
1526760984	0.4	0.0004	70	70	1567.537551
1526761064	0.4	0.0004	70	75	2042.944773
1526761141	0.4	0.0004	80	55	2000.942943
1526761226	0.4	0.0004	80	60	1808.321314
1526761304	0.4	0.0004	80	65	1907.284832
1526761389	0.4	0.0004	80	70	1733.161748
1526761461	0.4	0.0004	80	75	1592.815654
1526761530	0.4	0.0008	40	55	6769.53814
1526761614	0.4	0.0008	40	60	6062.626224
1526761690	0.4	0.0008	40	65	5641.119846
1526761749	0.4	0.0008	40	70	5223.681426
1526761828	0.4	0.0008	40	75	4565.328014
1526761895	0.4	0.0008	50	55	6673.341851
1526761971	0.4	0.0008	50	60	5880.233077
1526762046	0.4	0.0008	50	65	5120.075407
1526762117	0.4	0.0008	50	70	4526.615
1526762200	0.4	0.0008	50	75	4685.579602
1526762263	0.4	0.0008	60	55	6300.793498
1526762339	0.4	0.0008	60	60	5989.730585
1526762409	0.4	0.0008	60	65	5648.431948
1526762495	0.4	0.0008	60	70	4912.061423
1526762590	0.4	0.0008	60	75	4966.281704
1526762665	0.4	0.0008	70	55	6643.244848
1526762727	0.4	0.0008	70	60	5264.819845
1526762802	0.4	0.0008	70	65	5679.536648
1526762903	0.4	0.0008	70	70	4904.702295
1526762993	0.4	0.0008	70	75	4717.022275
1526763074	0.4	0.0008	80	55	6761.926749
1526763148	0.4	0.0008	80	60	5021.750692
1526763221	0.4	0.0008	80	65	5085.79878
1526763291	0.4	0.0008	80	70	4709.369238
1526763361	0.4	0.0008	80	75	4728.790983
1526763424	0.4	0.0012	40	55	11253.78285
1526763495	0.4	0.0012	40	60	10592.25171
1526763564	0.4	0.0012	40	65	10911.02203
1526763645	0.4	0.0012	40	70	8706.826781
1526763715	0.4	0.0012	40	75	8826.565372
1526763793	0.4	0.0012	50	55	11619.26443
1526763884	0.4	0.0012	50	60	11266.37421
1526763959	0.4	0.0012	50	65	9519.288431
1526764045	0.4	0.0012	50	70	8460.045015
1526764142	0.4	0.0012	50	75	8629.136536
1526764243	0.4	0.0012	60	55	10812.33657
1526764327	0.4	0.0012	60	60	10288.72677
1526764430	0.4	0.0012	60	65	9578.127499
1526764513	0.4	0.0012	60	70	9176.103513
1526764598	0.4	0.0012	60	75	8759.459548
1526764697	0.4	0.0012	70	55	11036.82183
1526764789	0.4	0.0012	70	60	9768.074047
1526764876	0.4	0.0012	70	65	8573.280593
1526764959	0.4	0.0012	70	70	8869.58614
1526765052	0.4	0.0012	70	75	8001.347909
1526765134	0.4	0.0012	80	55	10588.21874
1526765221	0.4	0.0012	80	60	10882.41246
1526765309	0.4	0.0012	80	65	9237.607656
1526765389	0.4	0.0012	80	70	8737.216342
1526765464	0.4	0.0012	80	75	8430.288193
1526765545	0.4	0.0016	40	55	18739.82266
1526765618	0.4	0.0016	40	60	16159.23054
1526765695	0.4	0.0016	40	65	14020.0952
1526765767	0.4	0.0016	40	70	14981.50188
1526765839	0.4	0.0016	40	75	12624.21887
1526765906	0.4	0.0016	50	55	16989.65097
1526765972	0.4	0.0016	50	60	15891.01972
1526766053	0.4	0.0016	50	65	13916.91097
1526766122	0.4	0.0016	50	70	12488.12188
1526766204	0.4	0.0016	50	75	11906.99818
1526766279	0.4	0.0016	60	55	17479.52673
1526766354	0.4	0.0016	60	60	15699.52949
1526766439	0.4	0.0016	60	65	13321.289
1526766515	0.4	0.0016	60	70	13016.93392
1526766587	0.4	0.0016	60	75	12956.14346
1526766674	0.4	0.0016	70	55	15898.07905
1526766733	0.4	0.0016	70	60	15019.98354
1526766812	0.4	0.0016	70	65	13084.62399
1526766884	0.4	0.0016	70	70	12677.18258
1526766963	0.4	0.0016	70	75	11832.85214
1526767039	0.4	0.0016	80	55	15760.24887
1526767108	0.4	0.0016	80	60	14228.84664
1526767186	0.4	0.0016	80	65	13631.78976
1526767264	0.4	0.0016	80	70	11970.73821
1526767341	0.4	0.0016	80	75	12454.80009
1526767415	0.8	0.0004	40	55	2448.105068
1526767485	0.8	0.0004	40	60	2603.729293
1526767555	0.8	0.0004	40	65	2078.863227
1526767617	0.8	0.0004	40	70	2056.629899
1526767679	0.8	0.0004	40	75	2100.214014
1526767757	0.8	0.0004	50	55	2021.220557
1526767842	0.8	0.0004	50	60	1982.482865
1526767922	0.8	0.0004	50	65	2110.25541
1526767990	0.8	0.0004	50	70	1829.550919
1526768064	0.8	0.0004	50	75	1831.616831
1526768121	0.8	0.0004	60	55	2521.712638
1526768184	0.8	0.0004	60	60	2015.879035
1526768252	0.8	0.0004	60	65	1804.462046
1526768335	0.8	0.0004	60	70	1874.828361
1526768431	0.8	0.0004	60	75	1738.113755
1526768499	0.8	0.0004	70	55	2673.102807
1526768571	0.8	0.0004	70	60	2047.229857
1526768638	0.8	0.0004	70	65	1855.657169
1526768717	0.8	0.0004	70	70	1882.560666
1526768806	0.8	0.0004	70	75	1570.285569
1526768875	0.8	0.0004	80	55	2093.512892
1526768930	0.8	0.0004	80	60	1839.184792
1526769004	0.8	0.0004	80	65	1690.920672
1526769075	0.8	0.0004	80	70	1767.035238
1526769157	0.8	0.0004	80	75	1614.383543
1526769255	0.8	0.0008	40	55	7940.654405
1526769324	0.8	0.0008	40	60	6562.34118
1526769399	0.8	0.0008	40	65	5671.896355
1526769464	0.8	0.0008	40	70	5414.894159
1526769552	0.8	0.0008	40	75	4973.069471
1526769642	0.8	0.0008	50	55	6658.280393
1526769716	0.8	0.0008	50	60	6099.915493
1526769805	0.8	0.0008	50	65	6024.469326
1526769880	0.8	0.0008	50	70	5173.828355
1526769964	0.8	0.0008	50	75	5029.443427
1526770033	0.8	0.0008	60	55	5781.97612
1526770123	0.8	0.0008	60	60	5532.774649
1526770218	0.8	0.0008	60	65	5441.628571
1526770312	0.8	0.0008	60	70	4919.738566
1526770375	0.8	0.0008	60	75	4596.924602
1526770466	0.8	0.0008	70	55	6015.61279
1526770555	0.8	0.0008	70	60	5639.138907
1526770631	0.8	0.0008	70	65	5249.665963
1526770704	0.8	0.0008	70	70	4842.513331
1526770789	0.8	0.0008	70	75	4580.868716
1526770866	0.8	0.0008	80	55	5686.955757
1526770952	0.8	0.0008	80	60	5617.584153
1526771040	0.8	0.0008	80	65	4665.247623
1526771133	0.8	0.0008	80	70	4845.095116
1526771203	0.8	0.0008	80	75	4464.227782
1526771285	0.8	0.0012	40	55	12029.3394
1526771372	0.8	0.0012	40	60	10936.05833
1526771454	0.8	0.0012	40	65	10137.2838
1526771532	0.8	0.0012	40	70	9428.188603
1526771625	0.8	0.0012	40	75	8620.55443
1526771706	0.8	0.0012	50	55	12498.9419
1526771790	0.8	0.0012	50	60	9787.960203
1526771884	0.8	0.0012	50	65	8992.20255
1526771962	0.8	0.0012	50	70	9068.772293
1526772068	0.8	0.0012	50	75	8597.368504
1526772166	0.8	0.0012	60	55	10992.86761
1526772273	0.8	0.0012	60	60	9048.934742
1526772346	0.8	0.0012	60	65	9125.408185
1526772423	0.8	0.0012	60	70	8882.28645
1526772513	0.8	0.0012	60	75	8218.244628
1526772602	0.8	0.0012	70	55	11011.31795
1526772681	0.8	0.0012	70	60	9724.533039
1526772769	0.8	0.0012	70	65	8852.236837
1526772866	0.8	0.0012	70	70	8595.726083
1526772973	0.8	0.0012	70	75	8384.237637
1526773060	0.8	0.0012	80	55	10223.84528
1526773144	0.8	0.0012	80	60	10069.92739
1526773249	0.8	0.0012	80	65	9468.323962
1526773342	0.8	0.0012	80	70	8892.884423
1526773439	0.8	0.0012	80	75	8192.096234
1526773529	0.8	0.0016	40	55	18577.82296
1526773607	0.8	0.0016	40	60	16309.90828
1526773671	0.8	0.0016	40	65	14455.28927
1526773774	0.8	0.0016	40	70	13583.78202
1526773859	0.8	0.0016	40	75	11964.88892
1526773955	0.8	0.0016	50	55	16979.75125
1526774037	0.8	0.0016	50	60	14489.32921
1526774125	0.8	0.0016	50	65	14175.80255
1526774226	0.8	0.0016	50	70	12569.64851
1526774329	0.8	0.0016	50	75	12905.89327
1526774403	0.8	0.0016	60	55	15855.33218
1526774507	0.8	0.0016	60	60	16394.61935
1526774579	0.8	0.0016	60	65	13903.69354
1526774681	0.8	0.0016	60	70	12672.95009
1526774785	0.8	0.0016	60	75	11959.91396
1526774884	0.8	0.0016	70	55	16375.6881
1526774977	0.8	0.0016	70	60	15905.09985
1526775060	0.8	0.0016	70	65	13196.99499
1526775140	0.8	0.0016	70	70	12402.87576
1526775234	0.8	0.0016	70	75	13192.61303
1526775325	0.8	0.0016	80	55	14652.42925
1526775417	0.8	0.0016	80	60	13911.22745
1526775494	0.8	0.0016	80	65	12979.56642
1526775591	0.8	0.0016	80	70	13244.53691
1526775672	0.8	0.0016	80	75	11952.63807