2450.5297136
2226.7565243
2473.16170321
2248.93604488
1883.51491228
2402.71530542
2067.24109024
2264.58135095
1805.11482789
2004.46039841
2205.56846424
2372.78377294
2224.47641577
1819.80219167
1750.51969096
2293.15453278
2194.24238603
1996.27040561
1579.36680942
1797.75759909
1937.31184136
2266.34301535
1580.89774178
1810.81482751
1697.21295565
6317.82915489
5945.51589487
5378.54281001
5081.95570728
4955.26619808
6756.25013912
5730.89339186
5004.22343039
5214.4051357
4598.29119459
6626.65881528
5483.73018514
5117.329046
4934.16138044
4895.95235146
6447.72390488
5341.19055649
5211.41010333
4865.44107909
4619.99138069
5781.28274696
5102.81674596
4598.97346835
4994.09042932
4306.32598231
12778.5938711
10817.1298297
9405.27129448
8972.86916376
8722.25490675
11754.9899473
11006.2997985
9899.22671811
8851.51600393
8164.42433798
11035.1091785
10574.2327313
9668.70054454
8938.54151688
8460.52561459
10365.4817572
10267.1199303
9755.77710494
8539.80103292
8168.29504462
10456.1865294
9302.09945235
8423.81564482
8290.48117647
8194.56277934
17981.6203308
15638.7629413
14041.2262036
12814.5213697
13399.9072976
18380.4367397
16629.5589848
14494.0562004
12716.0417375
12609.4818898
17174.2393517
15157.2800208
13033.2050123
12417.262203
12414.0814465
17421.3703483
14471.8727079
13106.7997765
12178.5429579
11828.7586163
15414.4852459
15483.5486495
13287.3138224
12624.5782857
11820.2035165
2392.89943063
2502.66500274
1827.0230485
1909.76847521
1903.30321877
2775.47034442
2313.53091652
1821.06704871
1970.21029578
1913.34197878
2701.60741269
1893.16449857
1843.99909849
2090.37396594
1885.28506318
1781.26024707
1949.54723926
1776.7476883
1933.59283372
1807.5628446
2523.52449479
1619.78214102
1762.75306564
1971.71066437
1581.02101153
8025.2111665
6476.96027515
5786.29573293
5556.90103093
5231.79207048
6314.77189156
5860.18108801
6054.01348825
4590.72031212
4935.6887538
5700.77416318
5622.99647992
5795.65986809
5304.70958615
5243.18760927
5502.95904192
5343.01322685
5173.04139614
4792.07654194
5135.60568102
5920.45566742
5096.92551166
5195.79280994
4821.89290924
4797.52639905
11974.7512356
11452.0476036
9948.51648174
8852.47036741
8837.41681605
12194.04891
10231.8764859
9514.67795824
8923.52141107
8306.4860571
11935.0668083
9849.13309992
8910.50007424
9397.56633663
7977.13155754
9879.34070981
10002.5848501
9664.0515484
8900.31855802
8379.75785597
11021.0833517
10505.0895132
9283.93154463
7961.84877259
7387.01684737
18961.2637936
15841.837826
14438.2118172
12950.0250392
13461.2707003
16208.9397229
16114.4543856
13594.8929212
12749.5133435
11954.6222134
18222.5400192
15021.6034627
13420.4384433
12483.1181855
11239.7037885
15903.5834819
14785.3757014
14336.1987371
12070.1401198
12216.7547209
15067.8809028
14468.8471587
13089.0770655
12264.4948962
12410.6291719
2558.85753508
2582.78957372
1942.85181419
1925.16921696
1987.61192843
2427.40440529
1922.88913104
2003.10196242
1935.91697961
2063.63023074
2323.12096555
2190.94687693
2034.64096852
2136.01519297
1792.37736501
2255.04308605
2112.23148762
1906.32605769
1567.53755121
2042.94477318
2000.94294349
1808.3213141
1907.28483245
1733.16174816
1592.81565405
6769.53814042
6062.62622424
5641.11984607
5223.68142613
4565.3280138
6673.34185144
5880.23307653
5120.07540665
4526.615
4685.57960188
6300.79349776
5989.73058533
5648.43194758
4912.06142336
4966.28170405
6643.24484806
5264.81984504
5679.53664818
4904.70229471
4717.02227516
6761.92674897
5021.75069182
5085.79877959
4709.3692381
4728.79098307
11253.7828538
10592.2517127
10911.022025
8706.8267805
8826.56537242
11619.2644299
11266.3742061
9519.28843128
8460.04501485
8629.13653594
10812.3365729
10288.72677
9578.12749883
9176.10351288
8759.45954802
11036.8218271
9768.07404681
8573.28059339
8869.5861399
8001.34790899
10588.2187422
10882.4124646
9237.6076555
8737.21634183
8430.28819313
18739.8226643
16159.2305372
14020.0951991
14981.5018778
12624.2188655
16989.650965
15891.0197217
13916.9109677
12488.1218831
11906.9981767
17479.5267338
15699.5294869
13321.2890002
13016.9339188
12956.143462
15898.0790463
15019.9835383
13084.6239903
12677.1825783
11832.8521374
15760.2488688
14228.8466403
13631.7897572
11970.7382056
12454.8000854
2448.10506829
2603.72929293
2078.86322682
2056.62989899
2100.21401425
2021.22055731
1982.48286483
2110.2554096
1829.55091869
1831.6168305
2521.71263828
2015.87903452
1804.46204606
1874.82836096
1738.11375541
2673.10280712
2047.22985742
1855.65716878
1882.56066589
1570.2855689
2093.51289225
1839.18479227
1690.92067177
1767.03523791
1614.38354305
7940.65440465
6562.34117964
5671.89635524
5414.89415888
4973.06947052
6658.28039278
6099.91549296
6024.46932615
5173.82835513
5029.44342675
5781.97612025
5532.77464857
5441.62857143
4919.73856556
4596.9246017
6015.61279004
5639.13890693
5249.66596306
4842.51333055
4580.86871574
5686.95575672
5617.58415257
4665.24762305
4845.09511634
4464.22778246
12029.3393976
10936.0583333
10137.2838002
9428.1886034
8620.55442983
12498.9419045
9787.9602033
8992.20254972
9068.77229312
8597.36850361
10992.8676089
9048.93474248
9125.40818479
8882.28645017
8218.24462843
11011.3179487
9724.53303916
8852.23683729
8595.7260825
8384.23763667
10223.8452793
10069.9273934
9468.32396245
8892.88442335
8192.09623382
18577.8229645
16309.9082811
14455.2892681
13583.7820183
11964.8889228
16979.7512531
14489.3292073
14175.8025454
12569.6485096
12905.8932721
15855.3321805
16394.6193548
13903.6935415
12672.9500891
11959.9139642
16375.6880981
15905.0998521
13196.9949858
12402.8757638
13192.6130307
14652.4292527
13911.2274498
12979.566423
13244.5369062
11952.6380693
